0 0.40909579375 0.2899436296875 0.381769159375 0.30802743125 0.2917520109375 0.44064198125000004 0.339171759375 0.49670176875000005 0.3769468125 0.44003918906250006 0.40909579375 0.326714028125 0.40909579375 0.2899436296875
0 0.6445870859375 0.5895319546875 0.7555010734375001 0.6504140890625 0.78684633125 0.6341386671875 0.7498750015625 0.59857385625 0.4420485 0.4514922640625 0.4460671234375 0.4629453375 0.5561773859375 0.5328693734375001 0.6445870859375 0.5895319546875
0 0.80854689375 0.54130848125 0.8069394437499999 0.6178632453125 0.8511442953125 0.58591519375 0.8334623546875 0.564817425 0.8519480187499999 0.52985540625 0.8615927140625 0.43521684218749995 0.8640038859375 0.40688555156249995 0.9299092999999999 0.32068609375 0.9596471078125001 0.27668217500000003 0.9395539953125001 0.2694486546875 0.8977603171874999 0.25558440625 0.8543591921875 0.28632687031250004 0.803724546875 0.40387158437500004 0.7997059234375 0.5009213234375001 0.80854689375 0.54130848125
0 0.6019896859375 0.5901347484375 0.6132418281249999 0.613643690625 0.6566429546875 0.6498112953125 0.646998259375 0.6166576578125 0.5995785109375 0.5768732937500001 0.46133788906250006 0.51056601875 0.3946287515625 0.49429059531249997 0.3833766078125 0.5099632234375 0.41311441562500006 0.5232246796875 0.6019896859375 0.5901347484375
0 0.536084271875 0.5979710625 0.4886645234375 0.5943543015625 0.427581459375 0.73118840625 0.4621416140625 0.75288896875 0.5296544765625 0.62027441875 0.536084271875 0.5979710625
0 0.3166674703125 0.70888505 0.49991666874999996 0.790864953125 0.5167948828125 0.789659365625 0.427581459375 0.7305856125 0.2178093515625 0.6516196765625 0.20414603437499998 0.6642783375 0.25317323125 0.6763342046874999 0.3166674703125 0.70888505
0 0.8815189890624999 0.923561821875 0.8970811125000001 0.922808815625 0.83633863125 0.8268005546874999 0.7861382328125 0.773713634375 0.76304605 0.7804906875000001 0.809230415625 0.8365896328125 0.8815189890624999 0.923561821875
0 0.1812234375 0.9201732953124999 0.20381361562500003 0.824918040625 0.185741471875 0.82228251875 0.1536132171875 0.9122667328125 0.1812234375 0.9201732953124999
0 0.14507915 0.94050445625 0.14307113437500002 1 0.1767054015625 0.999615425 0.17821141406250002 0.944645990625 0.14507915 0.94050445625
0 0.5782801953125001 0.6059416140625 0.598460853125 0.6142922296875 0.6095950078125 0.6090730953125 0.564362503125 0.587674640625 0.3757777453125 0.5553160015625 0.3834324765625 0.5861088984375 0.41196374999999996 0.5871527265625 0.5782801953125001 0.6059416140625
0 0.42101025156249994 0.7186749375 0.4537168328125 0.6936230875 0.39178309375000003 0.6294277234375001 0.37856128437500003 0.59602525625 0.3514217796875 0.559491309375 0.3319370078125 0.5772363687500001 0.3430711640625 0.6299496359375001 0.42101025156249994 0.7186749375
0 0.624904471875 0.6962326546875001 0.6116826625 0.7421610453125 0.5942855453125 0.75990610625 0.5901102359375 0.7724320312499999 0.6332550890624999 0.7546869703125 0.6555234 0.65291383125 0.6095950078125 0.6137703171875 0.6012443921874999 0.62107710625 0.6109867765625 0.6299496359375001 0.6221209328125 0.657089140625 0.624904471875 0.6962326546875001