0 0.5230036218749999 0.33214925625 0.49413630781249995 0.348154128125 0.49173072968750003 0.364159 0.5278149640625001 0.3785633484375 0.5518711203125 0.3817643359375 0.5350317 0.40897263125 0.5278149640625001 0.4169750671875 0.5061643859375 0.4393818515625 0.477297071875 0.47459258281250005 0.4556464953125 0.4921979796875 0.4821082296875 0.5482150328125 0.48691938749999997 0.5818253624999999 0.5157868859375 0.6298399796874999 0.5446542 0.663450065625 0.549465540625 0.6938594703125001 0.5542767000000001 0.7450749515624999 0.5614936203124999 0.7754842328125 0.5638991984375 0.7994915421875 0.5927665109375 0.8170968765625 0.60720016875 0.8170968765625 0.6312563250000001 0.78508713125 0.645690165625 0.7466754140625 0.65531248125 0.6858570328125 0.645690165625 0.6506461796874999 0.612011509375 0.6298399796874999 0.5855497765625 0.6074330125 0.5831440125 0.597830234375 0.6096059312500001 0.5914281406249999 0.6408788234375 0.583425703125 0.64809574375 0.5706218187500001 0.65771824375 0.551415959375 0.65771824375 0.5338106234375 0.65771824375 0.5178057515625001 0.65771824375 0.4953989046875 0.6649349796874999 0.4777935703125 0.6721519 0.46979113437500003 0.6841799796875 0.45378626093749996 0.6865855578125 0.4425828390625 0.6889911375 0.42977895312500003 0.692330771875 0.4020015640625 0.6721519 0.3721614375 0.6408788234375 0.348154128125 0.5759272765625 0.32414681875 0.5230036218749999 0.33214925625
0 0.6625294015625001 0.2601273296875 0.643284403125 0.2809336515625 0.6412029515625 0.2900015640625 0.6793686375 0.31774484531249997 0.7106417140625 0.2841346375 0.6865855578125 0.2713306921875 0.6625294015625001 0.2601273296875
0 0.6264451671875 0.14169125 0.64809574375 0.1512941796875 0.6562405453125 0.1460015640625 0.691396715625 0.119284434375 0.660123821875 0.10648051875 0.6240395875 0.120884928125 0.6264451671875 0.14169125
0 0.56871035625 0.2217156125 0.580738434375 0.2329190046875 0.6141352828125 0.2340015640625 0.6408788234375 0.20731123125 0.6240395875 0.188105434375 0.5735216984375 0.200909259375 0.56871035625 0.2217156125
0 0.364233028125 0.8299008234375 0.3885713734375 0.8380015640625 0.41475091875 0.8299008234375 0.40031726250000005 0.8106949046875 0.3714499484375 0.8122953671875001 0.364233028125 0.8299008234375
0 0.40272284062499997 0.7626802875 0.40272284062499997 0.7754842328125 0.42466159843750007 0.7820015640625 0.4556464953125 0.769082259375 0.4412128375 0.7498765234375 0.41956225937499997 0.7482759375 0.40272284062499997 0.7626802875
0 0.33777129375000003 0.7626802875 0.3473937921875 0.7738837703125 0.36182745 0.7834866703125 0.364511221875 0.7820015640625 0.388289184375 0.7722831859375 0.3810724484375 0.7530773875000001 0.3473937921875 0.7498765234375 0.33777129375000003 0.7626802875
0 0.37626110625 0.5050018656249999 0.37626110625 0.5194062140625 0.3795488171875 0.5340015640625 0.40753418124999996 0.5210067375 0.4099397609375 0.500200415625 0.3906947640625 0.4953989046875 0.37626110625 0.5050018656249999
0 0.3885713734375 1 0.38588360625 0.997951984375 0.389728553125 0.9995887031249999 0.41234534062500006 0.9915500109375 0.3931005265625 0.9771456015625001 0.3666386078125 0.983547575 0.3594218703125 0.9963513984375 0.37626110625 1 0.3885713734375 1
0 0.5278149640625001 0.0440615828125 0.5278149640625001 0.0712698171875 0.5450689921875 0.08274912031250001 0.556682278125 0.045662015625 0.5278149640625001 0.0440615828125
0 0.7346978703125 0.17530148750000002 0.7491315281250001 0.1336888125 0.7202642140625 0.09687761875 0.691396715625 0.17050000781250002 0.7346978703125 0.17530148750000002
0 0.691396715625 0.2809336515625 0.716390921875 0.2820015640625 0.7226697921875 0.2649287796875 0.7010192156249999 0.24572292031249998 0.6793686375 0.2601273296875 0.691396715625 0.2809336515625
0 0.41715668125 0.7274695546875 0.4366916734375 0.7280015640624999 0.448429575 0.71466566875 0.41475091875 0.7002613203125 0.40753418124999996 0.71466566875 0.41715668125 0.7274695546875