0 0.332951909375 0.8000351671875 0.3296890625 0.7993356546875 0.32502783125 0.80108443125 0.32316333125 0.806680515625 0.3188811078125 0.814335665625 0.3292229109375 0.8077297921875 0.339477640625 0.8024834593750001 0.332951909375 0.8000351671875
0 0.3543935640625 0.771355209375 0.3497323328125 0.7724044734375 0.34553721875 0.7741532515625 0.3408759875 0.782547390625 0.35093239062500003 0.7793706296875 0.356724178125 0.77660154375 0.3548596796875 0.7741532515625 0.3543935640625 0.771355209375
0 0.2937975640625 0.8241682921875 0.2961281796875 0.8217200140625 0.2961281796875 0.819271721875 0.29146695 0.82137025 0.28680571875 0.8255673203124999 0.28680571875 0.8280156109375 0.28307675468750004 0.829064875 0.277017140625 0.8297643890625 0.276551025 0.8297643890625 0.2728220265625 0.830813653125 0.27375429375000004 0.8280156109375 0.278881640625 0.8227692781249999 0.28307675468750004 0.8178726953125001 0.28494121875 0.815074653125 0.291933065625 0.8101780703125 0.29939106249999997 0.80842929375 0.2989249109375 0.8049317374999999 0.2937975640625 0.8056312515625 0.2840089859375 0.80877905625 0.28307675468750004 0.8140253890625001 0.279813871875 0.8157741671875 0.276084909375 0.8175229453125 0.2709575265625 0.8203209859375 0.267694678125 0.8224195140624999 0.267694678125 0.82486780625 0.267694678125 0.8266165843750001 0.267694678125 0.8283653609374999 0.2607028328125 0.8318629171874999 0.25930445 0.83291218125 0.254177103125 0.8371092499999999 0.2518464875 0.8385082765625 0.2499819875 0.8402570546874999 0.25091425625 0.8423555828125 0.25464321875 0.843404846875 0.2579061015625 0.8458531390624999 0.2523126046875 0.8528482500000001 0.2639656796875 0.8476019156250001 0.2667624484375 0.8458531390624999 0.270512809375 0.8444930062499999 0.279813871875 0.837808790625 0.2891363328125 0.8325624312500001 0.2886702171875 0.8294146250000001 0.2937975640625 0.8241682921875
0 0.337613140625 0.78569518125 0.335748640625 0.7814981265625 0.33248579375 0.7814981265625 0.32502783125 0.7839464046875 0.3236294484375 0.787094209375 0.3185021015625 0.7888429875 0.3124424859375 0.79234054375 0.3148018546875 0.7972902093750001 0.3245616796875 0.795138584375 0.33248579375 0.79234054375 0.335748640625 0.7898922515625 0.337613140625 0.78569518125
0 0.3488001015625 0.9771534703125001 0.351130715625 0.97260665 0.343206603125 0.9670105671875 0.33435029374999997 0.9673603171874999 0.3259600640625 0.9635130109375 0.32176495 0.9656115390625001 0.3236294484375 0.9694588578125 0.3334498734375 0.971241259375 0.334816409375 0.9729564140625 0.3422743703125 0.9754046921875 0.3488001015625 0.9771534703125001
0 0.3185021015625 0.96805985625 0.314773103125 0.9638627625 0.312908603125 0.9635130109375 0.309179640625 0.9614144703124999 0.29939106249999997 0.9621139843750001 0.2937975640625 0.9614144703124999 0.28960244999999996 0.9596656921875001 0.2840089859375 0.9551188734375 0.279813871875 0.954419359375 0.279813871875 0.9572174140625 0.276084909375 0.9586164281249999 0.2718897953125 0.9568676515625001 0.274686525 0.962463746875 0.2779493734375 0.962463746875 0.284475103125 0.9645623015625 0.2951959484375 0.96805985625 0.3025640921875 0.96818181875 0.3119763703125 0.9687593437500001 0.3175698328125 0.9687593437500001 0.3185021015625 0.96805985625
0 0.33807925625 0.9533700953125 0.3287567953125 0.954419359375 0.32502783125 0.9561681375 0.3222310640625 0.957567190625 0.3259600640625 0.9614144703124999 0.3306212953125 0.9628135234374999 0.33248579375 0.9600154562500001 0.3390115234375 0.9600154562500001 0.3468531359375 0.9598776234375 0.35299521562499997 0.957567190625 0.3427404859375 0.9558184125 0.33807925625 0.9533700953125
0 0.7290392109375 0.5991974046874999 0.7244685515625 0.6026269984375 0.7244685515625 0.6077714109375 0.7325714109375 0.61085714375 0.74198941875 0.6071998187500001 0.7427511859375 0.60205540625 0.73665699375 0.5991974046874999 0.7290392109375 0.5991974046874999
0 0.7686516578125 0.5843358000000001 0.76788995 0.589480190625 0.7739840828125 0.5889085984375 0.7830476015625 0.5865714296875 0.7899814734375 0.576333384375 0.7785547984375001 0.5803345921874999 0.7686516578125 0.5843358000000001
0 0.55687733125 0.7903440484375001 0.5484977234375 0.7903440484375001 0.5431652984374999 0.7903440484375001 0.53707105 0.791487253125 0.5302150906249999 0.7937736421875 0.519550184375 0.7989180546875 0.50971426875 0.804428571875 0.5279297328125 0.7989180546875 0.54468883125 0.798346440625 0.55687733125 0.794916846875 0.55687733125 0.7903440484375001
0 0.6734072390625 0.6263299453125 0.66045703125 0.6371903640625 0.6487618859375 0.6480000015625 0.6581716734375 0.648050759375 0.6726455296875 0.644621165625 0.6734072390625 0.638333546875 0.6734072390625 0.6263299453125