2 0.7039388015625 0.4354745359375 0.7161458328125 0.42534722187499996 0.7047526046875 0.4108796296875 0.6901041671875 0.4239004640625 0.7039388015625 0.4354745359375
2 0.5257161453125 0.2517361109375 0.5419921875 0.235821759375 0.52978515625 0.22280092499999998 0.5216471359375 0.238715278125 0.5257161453125 0.2517361109375
0 0.3068033859375 0.593171296875 0.4288736984375 0.6380208328125 0.4915364578125 0.6163194437499999 0.4581705734375 0.5381944437499999 0.24658203125 0.48032407499999996 0.22542317656250002 0.5280671296875 0.24495442656250002 0.54398148125 0.3068033859375 0.593171296875
0 0.595703125 0.3313078703125 0.5997721359375 0.3776041671875 0.7666015625 0.39930555624999997 0.72021484375 0.335648146875 0.66162109375 0.31828703593749996 0.595703125 0.3313078703125
0 0.56640625 0.24594907500000002 0.6510416671875 0.27054398125 0.70556640625 0.22714120312500002 0.5916341140625 0.20399305625 0.5509440109375 0.2155671296875 0.56640625 0.24594907500000002
0 0.6526692703125 0.428240740625 0.615234375 0.39641203593749996 0.5777994796875 0.3616898140625 0.5533854171875 0.406539353125 0.4728190109375 0.4123263890625 0.4134114578125 0.4427083328125 0.4231770828125 0.4832175921875 0.4768880203125 0.5179398140625 0.5167643234375 0.54976851875 0.5379231765625 0.539641203125 0.5623372390625 0.500578703125 0.6005859375 0.5222800921874999 0.6209309890625 0.5555555562500001 0.64697265625 0.546875 0.6648763015625 0.5367476859375 0.68359375 0.484664353125 0.6526692703125 0.428240740625
0 0.8854166671874999 0.4166666671875 0.9073893234374999 0.3804976859375 0.8902994796874999 0.3732638890625 0.8748372390625001 0.40219907499999996 0.8854166671874999 0.4166666671875
0 0.9456380203125001 0.3370949078125 0.9342447921874999 0.3703703703125 0.9578450515625001 0.3761574078125 0.9659830734374999 0.3645833328125 0.9456380203125001 0.3370949078125
0 0.3385416671875 0.491898146875 0.34912109375 0.5078125 0.4541015625 0.5324074078125001 0.3816731765625 0.45717592500000004 0.3385416671875 0.491898146875
0 0.6591796875 0.6698495359375001 0.64453125 0.6901041671875 0.7096354171875 0.701678240625 0.6591796875 0.6698495359375001
0 0.6917317703125 0.31539351875 0.7722981765625 0.392071759375 0.7698567703125 0.31828703593749996 0.7478841140625 0.26909722187499996 0.6917317703125 0.31539351875