0 0.5115662875 0.72741115625 0.5115662875 0.7234099484375001 0.5146713609375 0.7202661499999999 0.5146713609375 0.718551353125 0.5053561375 0.7156933515625 0.5022510625 0.7111205296875001 0.497282971875 0.71026313125 0.491693828125 0.7119779390625001 0.48672568906249997 0.7151217375 0.4823786046875 0.7179797406249999 0.474305390625 0.7214093562499999 0.474305390625 0.72741115625 0.4767894609375 0.7316981593749999 0.48113659374999995 0.73569936875 0.486104684375 0.7397005546875 0.491693828125 0.741986965625 0.5017080609375 0.740428571875 0.5010090515625001 0.7339845484375 0.5065981953125 0.7339845484375 0.5115662875 0.7299833625 0.5115662875 0.72741115625
0 0.5388909515625 0.66596409375 0.5401330093750001 0.6671072984374999 0.543238084375 0.6725375062500001 0.5469641625 0.6725375062500001 0.5537953171875001 0.6699653 0.5537953171875001 0.668250503125 0.555037328125 0.66596409375 0.5618685296875 0.6639635 0.5699416953124999 0.6622486921874999 0.5761518453125001 0.6599622921875 0.5761518453125001 0.655961084375 0.5792569203125 0.6545320828125 0.5792569203125 0.65310308125 0.58236199375 0.6505308859375 0.5811199828125 0.6476728828125 0.5767728984375 0.645386484375 0.5742887828125001 0.6433858796874999 0.5724258125 0.6405278765625 0.5724258125 0.637669875 0.5724258125 0.6359550671875 0.57056275 0.6339544734375 0.5643525515625 0.6302390625000001 0.5544163234374999 0.6293816624999999 0.546343159375 0.6336686671875 0.5388909515625 0.6379556703125 0.531438790625 0.6405278765625 0.525228640625 0.64395748125 0.5246076375000001 0.6479586796875 0.5277127109374999 0.652531490625 0.529575728125 0.657390084375 0.5264706515625 0.6648208984374999 0.5202605046875 0.6716800968750001 0.51901849375 0.6785393296875 0.5249999843750001 0.6818571437500001 0.5401330093750001 0.6773961015625 0.537648940625 0.6739665078125 0.537027934375 0.6696795046874999 0.5388909515625 0.66596409375
0 0.5500692390624999 0.623951465625 0.5488271796874999 0.6205218593749999 0.5426170296875 0.61737805625 0.537027934375 0.6162348515625 0.5301967328125 0.6168064640625001 0.5221235671875 0.621379259375 0.5146713609375 0.6248088640625 0.5146713609375 0.6288100609375 0.51280834375 0.6313822671875 0.5221235671875 0.6350976687500001 0.5319875625 0.6350714296875 0.5401330093750001 0.6336686671875 0.5451011 0.63052486875 0.5500692390624999 0.6256662625 0.5500692390624999 0.623951465625
0 0.6165178124999999 0.637098271875 0.6165178124999999 0.6316680625 0.6134127390625 0.6302390625000001 0.612170728125 0.627666865625 0.612170728125 0.623951465625 0.60968670625 0.6210934625 0.6059605796875001 0.6170922546875001 0.6022344515625 0.6168064640625001 0.5935402796875 0.61737805625 0.5873301328125 0.619092859375 0.5811199828125 0.62309405625 0.574909834375 0.6270952624999999 0.573046771875 0.6290958671875 0.5718047609375 0.6330970640625 0.5718047609375 0.6356692703125 0.5718047609375 0.6382414765625 0.573046771875 0.641671071875 0.578014909375 0.6445290734375 0.5804989296875 0.64710128125 0.5871117875 0.64935714375 0.6003714828125 0.6488160781250001 0.6084446015625 0.6451006765625 0.6134127390625 0.641671071875 0.6165178124999999 0.637098271875
0 0.6134127390625 0.6009713984375 0.6208649 0.6024004 0.6332851984375 0.6009713984375 0.63390625 0.5975418046875001 0.6363902718750001 0.5961128046875 0.637632378125 0.594683803125 0.644463484375 0.5889677984375 0.6401163999999999 0.5852523859375001 0.6413584109375 0.5801079828125 0.6401163999999999 0.57639258125 0.6394953453125 0.5743919796875 0.6388743890625 0.5735345796875 0.6357693125 0.572391375 0.6308011765625 0.57039078125 0.623349015625 0.5689617796875 0.6214859515625 0.5681043703124999 0.618380878125 0.5643889703125 0.6171388671875 0.558958771875 0.6127917796875 0.551527959375 0.6059605796875001 0.5483841593750001 0.5960243015625 0.553814359375 0.5829830484375 0.56067356875 0.57739385625 0.5643889703125 0.5686996843750001 0.5752493765625 0.5637315484375 0.5801079828125 0.5668366218750001 0.5835375890625001 0.566215615625 0.5903967984375 0.5724258125 0.594683803125 0.58236199375 0.5972559984375 0.5922982703125 0.5955412015625 0.5941613343750001 0.59525539375 0.6022344515625 0.5995423984375 0.6134127390625 0.6009713984375
0 0.5444800953125 0.5138023296875 0.5382699453125 0.512373328125 0.5339228609375 0.512373328125 0.5301967328125 0.5138023296875 0.525228640625 0.5146597390625 0.5227445734375 0.51637453125 0.523986584375 0.52123313125 0.527091659375 0.524091134375 0.5350931546875 0.5272142859375 0.5419960265625 0.5226621328125 0.5475851703125 0.5192325328125 0.5482061734375 0.51666033125 0.5444800953125 0.5138023296875
0 0.5767728984375 0.5149455296875 0.57739385625 0.5106585265625 0.5742887828125001 0.5037993203125 0.5755308875 0.5012271203124999 0.578014909375 0.4986549125 0.5804989296875 0.49522531406250003 0.578014909375 0.491795709375 0.57118370625 0.490652509375 0.5686996843750001 0.490652509375 0.5649736046875 0.49236731093749997 0.5556583828125 0.49636851406250004 0.55069024375 0.501798728125 0.5500692390624999 0.5055141234375 0.5469641625 0.5080863250000001 0.5451011 0.5126591234375 0.5519322546875001 0.5155171265625 0.5599378734375 0.51614285625 0.5668366218750001 0.5169461281250001 0.5724258125 0.51780353125 0.5767728984375 0.51780353125 0.5767728984375 0.5149455296875
0 0.47554745 0.54175275625 0.46933730156250003 0.5434675312499999 0.4668532328125 0.5466113406249999 0.47531054531250005 0.549 0.48672568906249997 0.548040340625 0.483620615625 0.54261013125 0.47554745 0.54175275625
0 0.474305390625 0.5383231296875 0.47989453437499996 0.5397521296875001 0.4970496765625 0.54114285625 0.4985249828125 0.5351793296875 0.48734674375000003 0.5343219312499999 0.474305390625 0.5383231296875
0 0.4072358109375 0.534036125 0.396678528125 0.5354651265625 0.3917104390625 0.5391805265625 0.399999984375 0.5389999999999999 0.416551034375 0.5394663343749999 0.41717203906250006 0.5374657296875001 0.41344596093749997 0.534036125 0.4072358109375 0.534036125
0 0.409098828125 0.54318175625 0.40413073749999995 0.5423243375 0.3935734546875 0.5423243375 0.38922637031249996 0.540895334375 0.38053215156250003 0.540895334375 0.3724589875 0.5420385296875 0.3637647671875 0.5437533375 0.3587966296875 0.5466113406249999 0.3556915546875 0.547754534375 0.34761838906250003 0.551184140625 0.3438922625 0.551184140625 0.34078718750000003 0.5517557640625 0.333335028125 0.5543279484375 0.3302299546875 0.5551853484375 0.327124878125 0.5574717687499999 0.327124878125 0.5620445468749999 0.327124878125 0.5637593546875 0.32774588437499996 0.5649025484375 0.33457703906249997 0.5617587734375 0.3376821125 0.560329771875 0.3420292453125 0.5574717687499999 0.3457553265625 0.5551853484375 0.35507055 0.553470540625 0.36314376249999997 0.553470540625 0.37680607187500004 0.5520415375 0.371273278125 0.552928571875 0.3898473734375 0.551469946875 0.40102566093750003 0.5503267625 0.4078568171875 0.5466113406249999 0.409098828125 0.54318175625
0 0.3147045796875 0.5686179609375 0.3066313671875 0.564616775 0.3029052890625 0.560329771875 0.292969059375 0.5600439546875 0.28489584843750004 0.5606155453125 0.28489584843750004 0.56290195625 0.2830328296875 0.56661735625 0.2855169 0.569189553125 0.296739115625 0.570428571875 0.30973644375 0.572904965625 0.31656764531250003 0.57204755625 0.3147045796875 0.5686179609375
0 0.204163909375 0.45698180625000007 0.20167988750000002 0.46612740625000004 0.21211178749999998 0.47364285625 0.2159632015625 0.46869961250000003 0.214721190625 0.46269781249999997 0.20851104375 0.45726760312500003 0.204163909375 0.45698180625000007
0 0.1880175328125 0.38410274375000003 0.1836704453125 0.3875323484375 0.183049440625 0.391819353125 0.19114905468750001 0.395785715625 0.1948486875 0.39124775 0.18988059531249998 0.386960746875 0.1880175328125 0.38410274375000003
0 0.1296421453125 0.30802185937500004 0.12529503749999998 0.30745025625 0.1234319953125 0.313737865625 0.1352484328125 0.3197142859375 0.1414414125 0.3177390625 0.140820409375 0.315166865625 0.13585229375000002 0.310308259375 0.1296421453125 0.30802185937500004
0 0.8937025109375 0.4410262875 0.8937025109375 0.4367583203125 0.9041356671875 0.43302388125 0.9134095265625 0.4319569296875 0.9215240843749999 0.428755934375 0.9284793453125 0.4239545234375 0.935434784375 0.42235400468749995 0.9365940828125 0.4196865359375 0.9365940828125 0.41541859062500003 0.9365940828125 0.41221761562500003 0.9412309234375 0.40794970937499997 0.9505047796874999 0.4047487140625 0.9586193406250001 0.3994137765625 0.9597786390625 0.39834678437500004 0.9655747781249999 0.3919448953125 0.9505047796874999 0.3962128015625 0.9389125015625 0.4026147703125 0.93079794375 0.40794970937499997 0.9145686484375 0.41275112031249994 0.8983395281250001 0.42022002187499996 0.8855879515625 0.42768894375000005 0.868199534375 0.42982290624999997 0.8624033953125 0.4378253328125 0.8670404125 0.44155977343749997 0.8484926984375001 0.450095665625 0.848115915625 0.46013333437500004 0.8658811156249999 0.45436363281250003 0.8716772546874999 0.44956217968749995 0.8832695328125 0.4468947109375 0.8937025109375 0.4410262875
0 0.13208987187500001 0.28428741562500004 0.1297714515625 0.28908885624999997 0.1394202625 0.29480000156249997 0.146000659375 0.2901558375 0.1402045203125 0.2864213875 0.13208987187500001 0.28428741562500004
0 0.11006452656250001 0.27681849375 0.11623185625000002 0.282133334375 0.12745294375 0.2832204234375 0.12745294375 0.2762849984375 0.11006452656250001 0.27361752968749997 0.11006452656250001 0.27681849375
0 0.23955295625 0.8134498140625 0.2338828203125 0.8137977453125 0.231614771875 0.8181468796875 0.231614771875 0.823017909375 0.23426085156249998 0.8268451484374999 0.23539486250000002 0.8284108328125 0.24442343281249998 0.8283043484375 0.24900318281249997 0.8247575625 0.251649265625 0.8193646390625 0.24522309375 0.8151894687500001 0.23955295625 0.8134498140625
0 0.24295504375000002 0.774133640625 0.23426085156249998 0.7711762296875 0.2319927765625 0.7727419203125 0.2335048171875 0.778482775 0.23780717343750002 0.780043478125 0.2437110796875 0.780570359375 0.2437110796875 0.77743898125 0.24295504375000002 0.774133640625
0 0.2278346796875 0.7922260375 0.22556663281249997 0.79483551875 0.22745667812499998 0.7974449984375 0.23312681249999997 0.7990106875 0.23728490937500002 0.7941396640625 0.23539486250000002 0.791878109375 0.23237080625 0.791878109375 0.2278346796875 0.7922260375
0 0.2384189453125 0.8416322046875001 0.2384189453125 0.8452854750000001 0.24295504375000002 0.8485908203125 0.2456011234375 0.8513742625 0.2456011234375 0.8548535703125 0.246735134375 0.8574630515624999 0.2486251796875 0.8602465 0.250137221875 0.8614642531250001 0.2595874484375 0.8645956281249999 0.2595874484375 0.8595506500000001 0.2573194 0.855375465625 0.2543478171875 0.8502608703125001 0.252405271875 0.8411103093750001 0.2474911703125 0.8398925515625001 0.2384189453125 0.8388487546875 0.2384189453125 0.8416322046875001
0 0.2917182484375 0.7418087843750001 0.2917182484375 0.7444182640625 0.2992784296875 0.745288090625 0.3105860015625 0.7463478265625 0.3094846625 0.7419827531250001 0.305704571875 0.7395472484375001 0.2954983390625 0.739199303125 0.2917182484375 0.7418087843750001
0 0.3204469046875 0.7341543125000001 0.318556859375 0.733284484375 0.311374709375 0.73171880625 0.3041925015625 0.7291093125 0.2962543453125 0.7282394859375 0.2928522296875 0.7282394859375 0.28756012656249996 0.7291093125 0.28756012656249996 0.7311968984375 0.290206178125 0.732936553125 0.29360829375 0.7351981140625 0.30349715625 0.7354782609375 0.3117526828125 0.7341543125000001 0.3151548 0.7341543125000001 0.3204469046875 0.7341543125000001
0 0.268659671875 0.7266737953125 0.2629895375 0.7249341421875 0.26147749375 0.7242382843749999 0.25505135156250003 0.7231944875 0.24900318281249997 0.7224986312499999 0.24484508906250002 0.7224986312499999 0.23955295625 0.72267259375 0.2376629109375 0.7238903515625 0.2421990375 0.7282394859375 0.2463571296875 0.7294572453125 0.250893228125 0.730501034375 0.2554293546875 0.7313708625 0.267903665625 0.7338063796875 0.274707840625 0.7350241375000001 0.2793950765625 0.7348260875 0.2811339828125 0.733284484375 0.28037797656249996 0.7308489671875 0.275085815625 0.7277175921875 0.268659671875 0.7266737953125