0 0.6100562125 0.3592069421875 0.6011024609375 0.36127743125 0.5921487078125 0.3623126953125 0.580210421875 0.3747355453125 0.5762309671875 0.38819370000000003 0.5861795640625 0.39440512499999997 0.6022387828125 0.398706340625 0.6180151203124999 0.38508794687500003 0.6150305109375 0.37059460781250003 0.6100562125 0.3592069421875
0 0.645871221875 0.2970925484375 0.653829978125 0.288810615625 0.6558198187500001 0.27949349687499997 0.6558198187500001 0.27431729531250004 0.6518402890624999 0.2660353421875 0.6428866125 0.26810581093749997 0.625974028125 0.2815639453125 0.614035590625 0.287775371875 0.6110510578125 0.30433921875 0.6030921499999999 0.312621153125 0.5981178500000001 0.3271145109375 0.6121890328124999 0.32755498125 0.626968796875 0.3271145109375 0.6289584859375 0.317797353125 0.6389070828125 0.3074449515625 0.645871221875 0.2970925484375
0 0.5115650875 0.401651815625 0.50559594375 0.40786324062499996 0.5263681375 0.40905562812499996 0.5364365796875 0.3902641484375 0.5284776718749999 0.38922892343750004 0.518529075 0.3912994125 0.5115650875 0.401651815625
0 0.581205265625 0.26810581093749997 0.5742412781249999 0.27431729531250004 0.56429268125 0.2836344140625 0.560313228125 0.2960573046875 0.580210421875 0.293986815625 0.5848258484375 0.2900388109375 0.594138471875 0.2815639453125 0.5961281609375 0.2722467671875 0.5931435515625 0.26396489375 0.581205265625 0.26810581093749997
0 0.49962680156249994 0.36438314374999997 0.4976370359375 0.36955934375 0.49266273906249997 0.37577080937499996 0.4797296078125 0.3975108390625 0.4648067125 0.42442710781250004 0.48656714218749997 0.41811125625 0.4976370359375 0.3964756125 0.5135547765624999 0.3737003203125 0.51255993125 0.36127743125 0.49962680156249994 0.36438314374999997
0 0.47077585624999996 0.4337442453125 0.46381179218749996 0.44927284843750004 0.47910445468749996 0.45174644375 0.49465250312500003 0.4440966484375 0.48868328437499997 0.4306385328125 0.4837089859375 0.4306385328125 0.47077585624999996 0.4337442453125
0 0.3583566796875 0.5362330421875 0.356366990625 0.551761646875 0.36965171875 0.561707634375 0.38223332656250003 0.5465854453125 0.377259028125 0.532092065625 0.36930012031250004 0.5300215781250001 0.3583566796875 0.5362330421875
0 0.4468992078125 0.46997765312500006 0.4379454546875 0.47929483125 0.428991703125 0.4896472328125 0.43308455468749996 0.5034928859375001 0.44490951875 0.48757674531250006 0.45585296093750005 0.47722434218750004 0.45684780468749997 0.46583671718749997 0.4468992078125 0.46997765312500006
0 0.5294725921875 0.3685241203125 0.540049728125 0.37153945781250003 0.55036463125 0.350925028125 0.5394211890625 0.3561012296875 0.5294725921875 0.3685241203125
0 0.568272059375 0.3374669140625 0.5762309671875 0.32607930625 0.5692669796875001 0.324008778125 0.5599502265625 0.3262613203125 0.5563337734375 0.341607890625 0.56429268125 0.3405726265625 0.568272059375 0.3374669140625
0 0.3305006546875 0.5942064796875 0.3245314359375 0.59834745625 0.32055205781249996 0.6014532484374999 0.32055205781249996 0.6097350828125 0.3086136953125 0.6169818515625 0.3016497078125 0.6294046625 0.2986650984375 0.6387218 0.31616913125 0.6276843484375 0.336469796875 0.6086998593749999 0.3374646421875 0.60041794375 0.336469796875 0.5942064796875 0.3305006546875 0.5942064796875
0 0.4200380265625 0.4958586578125 0.41804826093749997 0.48757674531250006 0.4082089328125 0.48796895312500005 0.409094509375 0.498964371875 0.416058571875 0.5031053484375 0.4200380265625 0.4958586578125
0 0.7264260828125 0.24270755624999998 0.7233649062499999 0.2474855765625 0.718773315625 0.2546526359375 0.7134162859375001 0.2602270125 0.7042329890625 0.2650050328125 0.695815015625 0.2745611625 0.690457984375 0.2817281609375 0.7034060281250001 0.284804459375 0.7264260828125 0.25943065625 0.7470885296875001 0.236336853125 0.7310176734375 0.23792953749999998 0.7264260828125 0.24270755624999998
0 0.7203038453125 0.20926132812499998 0.743262146875 0.19572356562499998 0.75703715 0.1821858328125 0.7608635328125 0.1750187734375 0.744027353125 0.1790004671875 0.72948714375 0.191741871875 0.7164774625 0.202890625 0.707294165625 0.2076686453125 0.695815015625 0.21563203125000002 0.6843358640625 0.22200276406250002 0.675917775 0.22916979375 0.66903033125 0.23713317968749997 0.6651358421875 0.2440043796875 0.68050948125 0.2347441703125 0.696580221875 0.2299661515625 0.7095899015625 0.2188173984375 0.7203038453125 0.20926132812499998
0 0.777699596875 0.1582956734375 0.7922398078125 0.14157254531250002 0.79912736875 0.1280347828125 0.807545340625 0.120867753125 0.820555021875 0.1144970640625 0.8190244906249999 0.11370069375 0.822850875 0.10573730625 0.837391203125 0.09697757812499999 0.8282077890625 0.0961812515625 0.813667578125 0.0953849109375 0.7853523640625 0.103348296875 0.73484405625 0.1304238234375 0.6973455453125 0.15988832656250002 0.7118857546874999 0.151924940625 0.7203038453125 0.14953593125 0.7417316171875 0.14316522812500002 0.7264260828125 0.1551103078125 0.708059371875 0.173426090625 0.68586639375 0.196519921875 0.7088246953125 0.1877601796875 0.7180079921875 0.18138947656249998 0.7264260828125 0.1774077828125 0.738805953125 0.16837496406250002 0.7470885296875001 0.1678517140625 0.77004683125 0.15670299062499998 0.777699596875 0.1582956734375
0 0.9215716374999999 0.152721296875 0.9492919843750001 0.149467609375 0.9529479109375 0.13599816874999998 0.9338159953125 0.1439615546875 0.9215716374999999 0.152721296875
0 0.9292244046875 0.07229109375000001 0.9307549343750001 0.066716746875 0.8848383328124999 0.0762727859375 0.8343300250000001 0.08742152343750001 0.824913875 0.09473579531250001 0.861114709375 0.1001629453125 0.8924911 0.09857029218749999 0.9139188703125001 0.085828840625 0.9292244046875 0.07229109375000001
0 0.903204928125 0.12564577187499998 0.9138920609375001 0.126579759375 0.923867375 0.11290435000000001 0.9139188703125001 0.11688604375 0.903204928125 0.12564577187499998
0 0.9996298375 0.104940965625 0.9996298375 0.084236171875 0.98049791875 0.0866252140625 0.95907015 0.08343983125 0.9521827046875 0.09060690625 0.9387676828125 0.10667728125 0.9606006796875001 0.10255198593749999 0.9820284484374999 0.0961812515625 0.9927422765625 0.100959271875 0.9996298375 0.104940965625
0 0.9391729078125 0.081847146875 0.9208063140625 0.0866252140625 0.9116230171874999 0.08742152343750001 0.9110217953124999 0.10269678593750001 0.9384077015625 0.100959271875 0.949121528125 0.089810534375 0.9552437656249999 0.08105080625 0.9391729078125 0.081847146875
0 0.8151981078125001 0.1877601796875 0.8297384359375 0.1821858328125 0.849635559375 0.1750187734375 0.8526967359375 0.1662590609375 0.8588188562499999 0.15431398125 0.8695328 0.1471469203125 0.8672369468750001 0.134405515625 0.8657064171875 0.12883113906250002 0.8718286531249999 0.11847875781249999 0.87029800625 0.110515371875 0.8580536499999999 0.10971900000000001 0.8465744984375 0.11131168281249999 0.8343300250000001 0.1272384546875 0.8190244906249999 0.136794525 0.797596721875 0.1463505953125 0.797596721875 0.151924940625 0.8113717250000001 0.151924940625 0.7953009843750001 0.160684684375 0.778464803125 0.1678517140625 0.7723426843750001 0.17183340625000001 0.766985653125 0.17979679375 0.7631592703125001 0.17979679375 0.7585676796875 0.1893528625 0.7655950828125 0.1982286796875 0.7853523640625 0.182982159375 0.799892575 0.1750187734375 0.79912736875 0.18537116874999998 0.8151981078125001 0.1877601796875
0 0.9299896109375 0.1294658234375 0.9299896109375 0.13504016875 0.9464217203124999 0.1345407515625 0.9506520578125001 0.12628045625 0.93993823125 0.12628045625 0.9299896109375 0.1294658234375
0 0.9531190031250001 0.1176236453125 0.966722915625 0.110353684375 0.95753961875 0.108761 0.93993823125 0.1143353765625 0.9531190031250001 0.1176236453125
0 0.4088361984375 0.5542376515625 0.4019486984375 0.55662663125 0.4004181671875 0.5462742656249999 0.40577508125 0.540699859375 0.3996529015625 0.5327364718750001 0.3942959296875 0.5375144921875 0.390469546875 0.5430888984375 0.3927654 0.551052284375 0.3950611953125 0.5558303046875 0.396287775 0.5634391484375 0.4034792859375 0.5622010375000001 0.41801949687500006 0.545477878125 0.4088361984375 0.5542376515625