0 0.7716007031250001 0.6423763171875 0.7639187453125 0.6325956109375 0.75505496875 0.6237040484375 0.7573876937499999 0.636888890625 0.7645097 0.64593295625 0.7686461109375 0.64593295625 0.7716007031250001 0.6423763171875
0 0.7190089984375 0.612145090625 0.714281634375 0.6041426015625 0.706599675 0.610366703125 0.6977358984375 0.619258265625 0.6935994875 0.614812484375 0.6764628 0.614812484375 0.667008159375 0.614812484375 0.6865084859375 0.62014744375 0.7000995375 0.6272606875 0.7071906296875 0.6308172921875 0.7213726375 0.63170646875 0.732269490625 0.6335555562499999 0.7414638265625 0.6228149046875 0.7308273671875 0.6183691234375 0.724327228125 0.6183691234375 0.7190089984375 0.612145090625
0 0.6610989734375 0.5872486515625 0.6664172046875 0.593472753125 0.6770537546875001 0.596140215625 0.6842493953125001 0.6002222234375 0.6764628 0.58191369375 0.6687809328125 0.580135409375 0.6652353859375 0.580135409375 0.6610989734375 0.5872486515625
0 0.631553053125 0.59080525625 0.628598459375 0.5952510390625 0.6436170078125001 0.606888890625 0.6557806546875 0.6041426015625 0.6534170171875 0.593472753125 0.6380531015625001 0.5881377953125 0.631553053125 0.59080525625
0 0.6132345453125 0.5694655265625 0.6132345453125 0.5774679125 0.6167800921875 0.5854704015625 0.62662528125 0.58466666875 0.630371234375 0.5712438453125 0.6179619109375001 0.5667980640625 0.6132345453125 0.5694655265625
0 0.6179619109375001 0.593472753125 0.6102799531249999 0.59080525625 0.6031889500000001 0.58191369375 0.5978707203125 0.58191369375 0.585461396875 0.5774679125 0.57837039375 0.59080525625 0.5943251734375 0.597918534375 0.6061435421875 0.6050317796875 0.6281028234375 0.606888890625 0.6268256875 0.597918534375 0.6268256875 0.593472753125 0.622098321875 0.589026971875 0.6179619109375001 0.593472753125
0 0.2988659546875 0.4538752046875 0.2846839046875 0.45031856562500006 0.28645667812500003 0.4654342296875 0.29417847343750003 0.4802222234375 0.3077297328125 0.48054989375 0.3012296390625 0.4698800109375 0.2988659546875 0.4538752046875
0 0.222046559375 0.43075712031249996 0.2149555109375 0.437870396875 0.2202737859375 0.443205321875 0.2244102421875 0.45120774218750004 0.22972847187499998 0.45298602812500005 0.23729313125 0.451333334375 0.246865115625 0.440537859375 0.23800133906249998 0.43075712031249996 0.222046559375 0.43075712031249996
0 0.30536605 0.48766313749999995 0.298275046875 0.48944145624999996 0.292956771875 0.48499567499999996 0.2830969125 0.491333334375 0.3077297328125 0.4965547015625 0.312457053125 0.4912197765625 0.30536605 0.48766313749999995
0 0.4176405515625 0.525007709375 0.42532250937500005 0.520561928125 0.4259134203125 0.5143378265624999 0.41882237031249997 0.4992221625 0.4034585 0.4929980625 0.3875037203125 0.48410649843750003 0.3750944421875 0.4752149359375 0.35973052656250004 0.4823282125 0.372730759375 0.4929980625 0.38395821875 0.500111340625 0.3875037203125 0.5036679453125 0.398345140625 0.5157777796875 0.4052312734375 0.527675240625 0.41173136718750003 0.529453490625 0.4176405515625 0.525007709375
0 0.1251359265625 0.42897883437499995 0.14227254843749998 0.4343137578125 0.13872704687499998 0.4236438765625 0.1068174421875 0.41030653125 0.0808170453125 0.3951908671875 0.057033082812500004 0.3724444453125 0.0290127671875 0.373851134375 0.09322632187499999 0.41208485 0.1251359265625 0.42897883437499995
0 0.0420129546875 0.353400546875 0.0420129546875 0.360513790625 0.0355128609375 0.3498439078125 0.0260581765625 0.34361980625 0.0207399015625 0.34361980625 0.024285403125 0.356068009375 0.03656366875 0.36688889062499996 0.05442225625 0.367627034375 0.058558690625 0.357846328125 0.046740321875000004 0.35162222656250003 0.0420129546875 0.353400546875
0 0.45033765312499996 0.4912197765625 0.44029201249999994 0.48766313749999995 0.4332009640625 0.48944145624999996 0.4296554625 0.48944145624999996 0.42079168593749994 0.4938872390625 0.43024637187500003 0.501889625 0.4349737375 0.5072245828125 0.442148775 0.5057777796875 0.4562468375 0.5081137265625 0.4562468375 0.500111340625 0.45033765312499996 0.4912197765625
0 0.50470213125 0.4956655578125 0.498792946875 0.4956655578125 0.48579275937500005 0.4956655578125 0.4745652546875 0.5036679453125 0.48047443906250004 0.5081137265625 0.486974578125 0.5090029031250001 0.501156584375 0.5196727515624999 0.5100203609375 0.5152269703125001 0.5147477265625 0.5232294578125 0.524793321875 0.525896853125 0.5336570984375 0.5214510703124999 0.5285849453125 0.516888890625 0.5224296828125 0.5045571203125 0.51533868125 0.4983330203125 0.5082475875 0.4983330203125 0.50470213125 0.4956655578125
0 0.387109353125 0.5241185328125 0.3788364859375 0.5196727515624999 0.364063525 0.5241185328125 0.37056361875 0.529453490625 0.3782455765625 0.5312318109375 0.393389909375 0.5380000015624999 0.4142915921875 0.5383450546875 0.406609634375 0.5330100953125 0.387109353125 0.5241185328125
0 0.48342903125000003 0.5525715421874999 0.4674742515625 0.54723661875 0.45801952031250004 0.5374558781250001 0.4267008703125 0.5356775921875 0.4296554625 0.5401233734375 0.44732017031250004 0.5524444453124999 0.4733834359375 0.5605739625 0.48283816718750006 0.5579065015625 0.48342903125000003 0.5525715421874999
0 0.544293646875 0.57213305625 0.5377935093749999 0.5694655265625 0.5407481015625 0.57480045 0.5463154421875 0.5802222234375 0.5555210625 0.5854704015625 0.5555210625 0.5739113062500001 0.544293646875 0.57213305625
0 0.598658125 0.5356775921875 0.6004308984375 0.54723661875 0.6129526203125 0.5524444453124999 0.616385678125 0.5392341968750001 0.595703534375 0.5312318109375 0.598658125 0.5356775921875
0 0.51356590625 0.5436799796875 0.5271570484375 0.5481257609375 0.5395662828125001 0.5392341968750001 0.524793321875 0.528564315625 0.5123840890625 0.527675240625 0.49229280781250007 0.525007709375 0.4792926203125 0.511670365625 0.4698378890625 0.5063354062500001 0.4639287046875 0.49033059999999995 0.45565588281249997 0.4929980625 0.45861047499999996 0.5090029031250001 0.462156021875 0.518783609375 0.4722016171875 0.5214510703124999 0.4879525578125 0.5302222234375 0.49761112812499997 0.534788415625 0.5064749046875 0.5392341968750001 0.51356590625 0.5436799796875
0 0.202151865625 0.41741977500000005 0.1938789984375 0.41653063125 0.1944699078125 0.4236438765625 0.20352584375 0.4280000015625 0.2145611421875 0.42008727031250004 0.2074701390625 0.41741977500000005 0.202151865625 0.41741977500000005
0 0.5525664703125 0.511670365625 0.5537483796875 0.5223402484374999 0.5614302453125 0.5267860296875 0.56995659375 0.53466666875 0.5832943 0.525007709375 0.570294021875 0.518783609375 0.5525664703125 0.511670365625
0 0.304380771875 0.44942942343750003 0.3138354578125 0.45476434687499995 0.3232066953125 0.45355555625 0.305562590625 0.4440944640625 0.2984715875 0.447651103125 0.304380771875 0.44942942343750003