0 0.6154879234374999 0.4371145203125 0.6004179281249999 0.4333800796875 0.5807110890625 0.42911211250000003 0.5644818828125 0.43284657343750005 0.563322671875 0.43498055625000004 0.5598449546875 0.4403154953125 0.5540488156250001 0.447250909375 0.5621633734375 0.4552533171875 0.5714372328125 0.46378920937499996 0.5830295109375 0.466990184375 0.600289828125 0.46480000156249995 0.613169415625 0.458987778125 0.6154879234374999 0.4520523625 0.623602484375 0.44244945781249995 0.6154879234374999 0.4371145203125
0 0.59809950625 0.35388949687500004 0.5911440703124999 0.3608249125 0.5876664390624999 0.3677603375 0.5876664390624999 0.37416225625 0.6015771375 0.3805641859375 0.6108509953125 0.3789636984375 0.6191304093750001 0.376133334375 0.623602484375 0.36562636406250004 0.6189655546874999 0.359224434375 0.6027363484375 0.35388949687500004 0.59809950625 0.35388949687500004
0 0.6479462500000001 0.33254974531250003 0.638672390625 0.33361672656249997 0.6328762515624999 0.3389516640625 0.6282394124999999 0.3437531171875 0.6394202625000001 0.3474666671875 0.6537423890625 0.34428661250000003 0.6525832671875 0.336817690625 0.6479462500000001 0.33254974531250003
0 0.6885194 0.3298822765625 0.6862009796875 0.325080834375 0.6757678234375 0.31867891875 0.667653265625 0.31867891875 0.657220284375 0.31867891875 0.653742565625 0.3213463875 0.6502648484375 0.3282817984375 0.6591311265625001 0.3330663515625 0.669971684375 0.3368177015625 0.680404840625 0.334683728125 0.6885194 0.3298822765625
0 0.49260970468750004 0.9103315406249999 0.497246634375 0.9028626203125001 0.49840584374999997 0.8921927437500001 0.490291284375 0.8767214359375 0.48797286562500003 0.8799223906250001 0.4775397953125 0.8873913124999999 0.4694251484375 0.8911257515625 0.46131058906250005 0.8980611875 0.4566736609375 0.9033961265625001 0.4566736609375 0.9055300890625 0.4566736609375 0.9113985328125 0.46246980000000004 0.91726695625 0.4684057703125 0.924133334375 0.483335934375 0.9188674328124999 0.486813565625 0.9156664796875 0.49260970468750004 0.9103315406249999
0 0.5783925796875 0.6661999640625 0.5760741609375 0.6608650265625 0.570278021875 0.6581975578125 0.570278021875 0.6565970796875 0.5668003015624999 0.657664071875 0.55868574375 0.6624655046875 0.556367234375 0.6720684078125 0.5540488156250001 0.6800708156249999 0.5568115671875 0.688133334375 0.5749149499999999 0.679537309375 0.5783925796875 0.67260189375 0.5783925796875 0.6661999640625
0 0.5470934656249999 0.624587453125 0.5621633734375 0.6283219124999999 0.5749149499999999 0.6293889046875 0.579551790625 0.6235204609375 0.5853479296875 0.6155180546875 0.5946217890625001 0.60431469375 0.6004179281249999 0.5968457703125 0.609691784375 0.5861758953125 0.609691784375 0.5749725234375 0.6154879234374999 0.5637691625000001 0.62476169375 0.5514987984374999 0.62476169375 0.5381614546875 0.6270802015625 0.5210896593750001 0.6224432734375 0.5210896593750001 0.6143286265625 0.522156640625 0.6027363484375 0.5253576265625 0.5946217890625001 0.5280250953125 0.5946217890625001 0.531759534375 0.593462578125 0.5338935078125 0.5830295109375 0.5338935078125 0.5760741609375 0.5333600328125 0.5668003015624999 0.5322930312499999 0.5575265328125 0.5306925640625 0.5505710953125 0.527491578125 0.549411884375 0.52322363125 0.5470934656249999 0.51788869375 0.5459342546875 0.5162882171875001 0.537819609375 0.51255375625 0.5250681203124999 0.51468775 0.5192719796875 0.5216231546875 0.5076797015625 0.5333600328125 0.5018835625 0.5386949703125 0.4960874234375 0.550965303125 0.49840584374999997 0.55416626875 0.49956514375000005 0.555233259375 0.506520490625 0.558434225 0.513475840625 0.5643026484375 0.5157942609374999 0.5669701171875 0.5157942609374999 0.5696375859375 0.509998121875 0.5749725234375 0.5030427734375 0.5787069953125 0.49840584374999997 0.582441434375 0.4960874234375 0.58991035625 0.4960874234375 0.5936448171875 0.4960874234375 0.6000467453125 0.49956514375000005 0.6069821625 0.5018835625 0.61178359375 0.5030427734375 0.6187190296875 0.5007243515625001 0.629922390625 0.497246634375 0.6363243203125 0.49840584374999997 0.6411257515625 0.497246634375 0.646460690625 0.49840584374999997 0.65072865625 0.509998121875 0.651795628125 0.5307246109375 0.646133334375 0.537819609375 0.6384582828124999 0.537819609375 0.632589859375 0.5470934656249999 0.624587453125
0 0.7210105734375001 0.2079429296875 0.7186395234375 0.20466921249999998 0.7107356984375001 0.20321423749999998 0.705202921875 0.20394171874999997 0.6965087875 0.2061242015625 0.6886049609375 0.210489153125 0.6886049609375 0.21594534062499998 0.6886049609375 0.219582796875 0.6886049609375 0.22176526562499999 0.702041440625 0.22176526562499999 0.7126482015625 0.2173636375 0.7210105734375001 0.21376285625000002 0.7210105734375001 0.21085289375 0.7210105734375001 0.2079429296875
0 0.65303774375 0.2003042609375 0.6435531765625 0.2010317546875 0.6316974375 0.20212298906249998 0.6214224390624999 0.20503296718750003 0.6174705265625 0.2086704234375 0.624583921875 0.211944128125 0.63564935 0.21303536250000002 0.6464426703124999 0.210090909375 0.65303774375 0.20466921249999998 0.65303774375 0.202850484375 0.65303774375 0.2003042609375
0 0.7162683515625 0.177752040625 0.7249624875 0.1759333125 0.7336567453125 0.173387075 0.7210105734375001 0.173387075 0.7075740953125 0.17666079375 0.702041440625 0.17666079375 0.694137615625 0.1741145828125 0.6870242203125 0.1741145828125 0.675958790625 0.1770245328125 0.675958790625 0.1795707703125 0.672006878125 0.18175323125 0.6641030515625 0.18429944843749999 0.6585703984375 0.186845678125 0.6585703984375 0.1904831359375 0.6617318796875 0.19339309843750002 0.6704261375 0.1930293453125 0.6814914453124999 0.1915743703125 0.690909071875 0.185090909375 0.702041440625 0.1821169796875 0.709154834375 0.17993450312499998 0.7162683515625 0.177752040625
0 0.7470932234375 0.182844465625 0.7431413109375 0.18138949843750002 0.7423510015625 0.18138949843750002 0.735237484375 0.1821169796875 0.7273336593749999 0.1821169796875 0.720220265625 0.1821169796875 0.7162683515625 0.18429944843749999 0.7146876109375 0.186118184375 0.7138971796875 0.18720941875 0.7099452671875001 0.1915743703125 0.7099452671875001 0.19412059375 0.7178490937500001 0.195211828125 0.73142290625 0.19236363750000002 0.73760865625 0.18975564218750002 0.74788365625 0.18502695625 0.7470932234375 0.182844465625
0 0.7233817453125 0.23158640468749997 0.724172178125 0.22685771250000003 0.7138971796875 0.2323138984375 0.702831871875 0.237042590625 0.702831871875 0.241771284375 0.7004607 0.24431750624999998 0.6949280453125 0.2490461984375 0.6886049609375 0.2490461984375 0.6846530484375 0.24686372968749998 0.6838626171875 0.241771284375 0.6838626171875 0.24031629531249998 0.680701134375 0.236315096875 0.6704261375 0.238497565625 0.6664742234375 0.2421350234375 0.6664742234375 0.244681246875 0.6641030515625 0.2479549640625 0.6609415703125 0.2519561625 0.6514570015625 0.2563211421875 0.6380204015625 0.26359605625000004 0.6475050890625 0.27159843906250003 0.663312740625 0.267597228125 0.672006878125 0.26323228906249996 0.6846530484375 0.25959483125 0.6980895281249999 0.257776103125 0.7106719203125 0.2564545453125 0.7186395234375 0.24759120937499998 0.7194298328125 0.24359001249999998 0.7233817453125 0.2381338265625 0.7233817453125 0.23158640468749997
0 0.6601511390625 0.2323138984375 0.6601511390625 0.2246752296875 0.6490858296875001 0.2235839953125 0.6316974375 0.2232202546875 0.624583921875 0.229403921875 0.6261646625 0.23340513437500002 0.6214224390624999 0.23958881562499998 0.6143089234375 0.24759120937499998 0.6198416984375 0.2505011875 0.632608678125 0.2523636375 0.6435531765625 0.2472274703125 0.6475050890625 0.24031629531249998 0.6538280546874999 0.2352238625 0.6601511390625 0.2323138984375
0 0.5787417671874999 0.3164130140625 0.5866455937499999 0.31714049375000003 0.59217830625 0.31714049375000003 0.598501271875 0.31568551875 0.6000821328125 0.31241180156250004 0.6040340453125 0.30804685 0.6056147875 0.305500640625 0.607985959375 0.3011356890625 0.6103570109375 0.29749823124999997 0.6064050984375 0.29495200781249997 0.589807134375 0.2960432421875 0.5866455937499999 0.2960432421875 0.5763705953125 0.292405784375 0.5755802234375 0.2884045875 0.5763705953125 0.2825846453125 0.577160965625 0.2785834484375 0.581112878125 0.27676471875 0.589807134375 0.27385475625 0.5977109609375 0.27203602656250003 0.60482435625 0.26985354375 0.6095667 0.26439735781249996 0.6095667 0.2618511484375 0.60482435625 0.2589411703125 0.5977109609375 0.2560312078125 0.5977109609375 0.2527575046875 0.5961302203125001 0.2483925515625 0.5961302203125001 0.24584632968750003 0.5961302203125001 0.2418451375 0.5953397890625001 0.23384271562499997 0.594549359375 0.23166024531249998 0.594549359375 0.2258403125 0.5826936796875 0.2240215828125 0.577951334375 0.22511281875 0.5747898546875 0.22729530625 0.5716283109375 0.22875027499999998 0.5653052265625 0.2320239859375 0.5558206593749999 0.2291140359375 0.5558206593749999 0.2254765796875 0.5550302890625 0.22438532968749997 0.554239859375 0.22365785 0.5487072046875 0.22620405937500002 0.5392226375 0.2280227875 0.5273668984375 0.22984151718749998 0.518672640625 0.2342064625 0.5210438125 0.23784391875000002 0.5218341828125 0.242936365625 0.518672640625 0.2454825890625 0.520253440625 0.2483925515625 0.5242053546875 0.2505750203125 0.5265764671875 0.2538487390625 0.5281572671875 0.2560312078125 0.5281572671875 0.25857743125 0.5265764671875 0.2618511484375 0.5226245546875 0.2651248515625 0.518672640625 0.2705810390625 0.5210438125 0.2727635203125 0.523414984375 0.2734910015625 0.5257860953125 0.27458225 0.5305283796875 0.27676471875 0.5313188109375 0.27712845937499997 0.53448029375 0.27967468281249996 0.53448029375 0.281857165625 0.5352707234375 0.284403375 0.5328995515625 0.2865858578125 0.5321091796874999 0.2894958203125 0.5321091796874999 0.29204204375 0.533689921875 0.2927695390625 0.53448029375 0.29495200781249997 0.53448029375 0.298225725 0.5321091796874999 0.300771934375 0.5265764671875 0.3036819125 0.5210438125 0.306955615625 0.519463071875 0.3095018375 0.515511159375 0.315321765625 0.516301528125 0.3189592234375 0.5210438125 0.324051696875 0.5249957265625 0.32841662031249996 0.529738009375 0.329144115625 0.5439649203125 0.3262341375 0.5510783765625 0.3247791625 0.5574014 0.32514290468749996 0.5589822015625 0.3295078828125 0.5613533125 0.33350905468750003 0.5613533125 0.33969273437499997 0.5613533125 0.342238984375 0.5716283109375 0.3426026984375 0.5851778484375 0.3405454546875 0.5795321375 0.3295078828125 0.5747898546875 0.324415409375 0.5732090515625 0.3182317421875 0.5787417671874999 0.3164130140625
0 0.35743463750000004 0.5716941546875 0.3558538375 0.576422859375 0.3558538375 0.5793328234375 0.3558538375 0.5829702812499999 0.35664420625000004 0.585880271875 0.35743463750000004 0.5920639249999999 0.35743463750000004 0.59533764375 0.35743463750000004 0.60188505 0.362176921875 0.60552250625 0.3653384625 0.6095237328125 0.3692903765625 0.61097869375 0.38272685625 0.6127974234375 0.3922114234375 0.615343659375 0.3961633375 0.616071140625 0.3993248796875 0.6149799203125 0.40485759374999997 0.608432484375 0.40327679375000003 0.6007938296875001 0.40327679375000003 0.59533764375 0.4009056796875 0.5840615437500001 0.3993248796875 0.5796965625 0.3993248796875 0.5742403765625 0.3993248796875 0.5658742546875 0.40327679375000003 0.5600543 0.39537296718750004 0.55496188125 0.3914210546875 0.5495056953125 0.381146115625 0.544049509375 0.3677095765625 0.544049509375 0.359015378125 0.5484144328125 0.3588932625 0.5578181812499999 0.359015378125 0.5636917578125 0.359015378125 0.5658742546875 0.35743463750000004 0.5716941546875
0 0.42540752968750006 0.51349483125 0.44516709531250004 0.5073111640625 0.44911900937500004 0.4971262703125 0.457022834375 0.48112146562499997 0.4649266609375 0.46584414062499996 0.47204011562500003 0.4534767859375 0.4775727703125 0.445474390625 0.4688785734375 0.43965444375 0.4625554875 0.44147317187499996 0.45939394531250005 0.4385632078125 0.45860357343749997 0.4345620171875 0.44358629374999997 0.43347076875 0.4388440109375 0.43347076875 0.428569071875 0.43674447968749996 0.4190844453125 0.4425644125 0.4151325328125 0.45020306874999994 0.4016960515625 0.4589329734375 0.3945825953125 0.4676628703125 0.38193648750000003 0.4822127015625 0.38193648750000003 0.4862138984375 0.376403771875 0.4891238765625 0.376403771875 0.49239757968750003 0.372451859375 0.4960350375 0.372451859375 0.5000362484374999 0.372451859375 0.5036737062500001 0.3684999453125 0.5091298937500001 0.37166148906249996 0.5116761015625 0.377667965625 0.513272728125 0.40406716249999997 0.504764940625 0.4111806203125 0.5113123625 0.41750370468750003 0.513858584375 0.42540752968750006 0.51349483125
0 0.4214556171875 0.7378575953125 0.41987481562499995 0.7364026203125 0.4159229015625 0.7407675578124999 0.41276142031249996 0.7440412765625 0.4111806203125 0.74731499375 0.41750370468750003 0.751316190625 0.4241106546875 0.7523636375 0.424617159375 0.7462237453125 0.423826728125 0.742950040625 0.4214556171875 0.7378575953125
0 0.9873696093750001 0.9115120093750001 0.9842080046874999 0.900235896875 0.9834176953125 0.892233515625 0.9778849203125001 0.8867773296875001 0.9731426984375 0.8798661265625001 0.9668196124999999 0.8718637296875 0.960496528125 0.86640754375 0.9510119609375 0.859132628125 0.94547930625 0.869681246875 0.938365790625 0.8751374328124999 0.935204309375 0.887868534375 0.935204309375 0.896234684375 0.935204309375 0.901327159375 0.9367850499999999 0.9107845156250001 0.9478504781250001 0.916968196875 0.9684003546875 0.9213331765625 0.9842080046874999 0.9173319515625 0.9873696093750001 0.9115120093750001
0 0.8664410453125001 0.9198781593750001 0.8814582671875 0.9326092765625 0.8838294390625 0.9253343468749999 0.8854101796875 0.9176957187499999 0.8854101796875 0.9060558234375 0.8719737000000001 0.900235896875 0.843519878125 0.8929609812500001 0.8490526515625 0.9053283296875 0.8553756171875 0.9111482703125 0.8664410453125001 0.9198781593750001
0 0.4301498125 0.6743443109375 0.432520984375 0.665978146875 0.426988271875 0.6645231859375 0.4182940734375 0.6645231859375 0.41434216093750004 0.663795678125 0.40485759374999997 0.6667056546875 0.40011525 0.6688881234374999 0.39537296718750004 0.672889321875 0.3993248796875 0.6783455093749999 0.40722870625 0.67943675625 0.4151325328125 0.6779817687499999 0.4214556171875 0.6819829656249999 0.4317305546875 0.683074215625 0.4301498125 0.6743443109375
0 0.44674783749999997 0.897325934375 0.44832863749999996 0.8933247218749999 0.4506997484375 0.8896872640625 0.44911900937500004 0.8853223124999999 0.4506997484375 0.8805936203125 0.449909378125 0.8758649281249999 0.44516709531250004 0.8809573734375 0.44042481093749997 0.8885960562499999 0.4341017265625 0.8965984390624999 0.432520984375 0.9016908718750001 0.4348920984375 0.9042370953125 0.44674783749999997 0.9049646171875001 0.449909378125 0.9042370953125 0.44753820624999996 0.8995084296875 0.44674783749999997 0.897325934375