0 0.20785047343750002 0.585016284375 0.20785047343750002 0.54980568125 0.19824963125 0.5257984609374999 0.204250134375 0.5065926734375 0.211450721875 0.48578642656250004 0.211450721875 0.46818115625 0.2018499703125 0.4665806375 0.1898489625 0.4713820703125 0.1790480375 0.4889874015625 0.16944719375 0.4889874015625 0.1658469453125 0.5113941046875 0.1658469453125 0.53059989375 0.17184744999999998 0.54980568125 0.17184744999999998 0.55300665625 0.16944719375 0.5626095203125 0.16344668906249998 0.5722124453124999 0.158646359375 0.5914181734375 0.1538459375 0.6170259125 0.1526458546875 0.6362317015625 0.1454451765625 0.665040353125 0.1526458546875 0.6906480312500001 0.16344668906249998 0.7178563484375 0.1838484578125 0.740262990625 0.20885218593750002 0.7184000015625001 0.2198514828125 0.6618395015625 0.21745122656250002 0.6362317015625 0.20785047343750002 0.6170259125 0.20785047343750002 0.585016284375
0 0.2366529125 0.37055175625 0.2366529125 0.348145053125 0.2354527375 0.3369416703125 0.21745122656250002 0.3289392640625 0.21385097812499998 0.32093685625 0.2018499703125 0.32093685625 0.1946493828125 0.32093685625 0.18144820156250002 0.316135425 0.16944719375 0.2937286625 0.158646359375 0.2809248234375 0.12744366406250002 0.276123390625 0.11664282968749999 0.276123390625 0.0950409796875 0.2713218984375 0.0854401359375 0.2921282046875 0.0854401359375 0.32093685625 0.0902405578125 0.3305397203125 0.1082420703125 0.34974550937500004 0.1238434171875 0.3641498671875 0.1238434171875 0.3849561125 0.1238434171875 0.3977599515625 0.1262435828125 0.4057623578125 0.1238434171875 0.421767171875 0.11784291250000001 0.4345710109375 0.11184240937500001 0.4713820703125 0.11184240937500001 0.4793844765625 0.1070419875 0.5225974875 0.113042490625 0.5450042500000001 0.12864383906250001 0.5113941046875 0.12744366406250002 0.47298258750000005 0.13533380625 0.48240000156249996 0.15744618593749998 0.45217634375 0.174247615625 0.41536522187499997 0.20905055625000002 0.39295851875 0.2366529125 0.37055175625
0 0.21505106093749998 0.0920680625 0.2282521515625 0.06485983749999999 0.2234517296875 0.04885499375 0.204250134375 0.05845788750000001 0.195849465625 0.0952689765625 0.186346559375 0.1384000015625 0.204250134375 0.17369255781249998 0.21505106093749998 0.17689350312500002 0.21505106093749998 0.12727860468750002 0.21505106093749998 0.0920680625
0 0.056637790625 0.92911978125 0.0723180515625 0.9584000015624999 0.091440640625 0.9403231015625 0.0854401359375 0.911514509375 0.06263829374999999 0.9099140531250001 0.056637790625 0.92911978125
0 0.14424509375 0.8522966265624999 0.15744618593749998 0.8202869984375001 0.14304501249999999 0.810684134375 0.12024307812499999 0.8138851703125001 0.1142425734375 0.8458947984374999 0.11064232656249999 0.8747033890625 0.11064232656249999 0.898710609375 0.11184240937500001 0.9275193234374999 0.1263315546875 0.9324000015625 0.1526458546875 0.9083134734374999 0.14904551562499999 0.8939092390625 0.138244590625 0.8795048812499999 0.14424509375 0.8522966265624999
0 0.14304501249999999 0.6810451671875 0.13344416875 0.6618395015625 0.12744366406250002 0.6458346875000001 0.12744366406250002 0.62822929375 0.1238434171875 0.6122244796875 0.11544265625000001 0.6074229875 0.10344164843749999 0.61542539375 0.11184240937500001 0.642633590625 0.1143285546875 0.6764000015625 0.122643334375 0.69704998125 0.13344416875 0.701851534375 0.14304501249999999 0.6810451671875
0 0.2126508953125 0.218506025 0.2018499703125 0.2153050796875 0.1946493828125 0.2281089796875 0.1946493828125 0.255317115625 0.196849184375 0.2824000015625 0.2102506390625 0.29853009375 0.21625114375 0.2713218984375 0.2126508953125 0.218506025
2 0.941485371875 0.581 0.9204801203124999 0.42800000000000005 0.90772693125 0.301 0.89272318125 0.314 0.8829707421874999 0.311 0.8964741187499999 0.275 0.89272318125 0.20600000000000002 0.8739684921875 0.19 0.8844711171874999 0.16299999999999998 0.8769692421874999 0.11100000000000002 0.8642160546875 0.05 0.8559639906250001 0.02 0.847711928125 0.002 0.755438859375 0.012 0.7351837953125 0.059 0.7344336078125 0.101 0.757689421875 0.21200000000000002 0.7696924234375 0.274 0.762190546875 0.317 0.756939234375 0.381 0.7726931734375 0.45099999999999996 0.7824456109375 0.49800000000000005 0.793698425 0.549 0.8109527375000001 0.621 0.8094523625000001 0.674 0.808702175 0.716 0.8132033015625 0.747 0.843210803125 0.772 0.853713428125 0.755 0.8544636156250001 0.729 0.8589647406250001 0.7030000000000001 0.8777194296875 0.721 0.8837209296875 0.742 0.8694673671875 0.752 0.8702175546875001 0.78 0.8874718671874999 0.7809999999999999 0.8934733687499999 0.764 0.9039759937499999 0.75 0.89872468125 0.72 0.9257314328125 0.7150000000000001 0.948237059375 0.6639999999999999 0.941485371875 0.581
2 0.9684921234375 0.7889999999999999 0.954238559375 0.77 0.949737434375 0.819 0.952738184375 0.843 0.9714928734375 0.852 0.9684921234375 0.7889999999999999
2 0.8012003 0.8140000000000001 0.79219805 0.8230000000000001 0.811702925 0.897 0.7989497375 0.999 0.949737434375 0.998 0.960990246875 0.9810000000000001 0.958739684375 0.9470000000000001 0.9647411859374999 0.897 0.951987996875 0.865 0.939234809375 0.7849999999999999 0.9354838703125001 0.745 0.9024756187499999 0.787 0.853713428125 0.8 0.8139534890625001 0.765 0.8124531125000001 0.775 0.841710428125 0.844 0.8342085515625 0.8560000000000001 0.8012003 0.8140000000000001
2 0.7216804203125 0.361 0.7366841703125 0.329 0.7291822953125 0.301 0.7149287328125 0.279 0.7194298578125 0.258 0.70817704375 0.238 0.6871717921875 0.24 0.6766691671875 0.221 0.6804201046875 0.18 0.6819204796875 0.155 0.6676669171875 0.142 0.662415603125 0.11699999999999999 0.645911478125 0.11100000000000002 0.6946736687499999 0.45099999999999996 0.7261815453125 0.438 0.749437359375 0.454 0.738934734375 0.394 0.7216804203125 0.361