0 0.53466083125 0.154495134375 0.5154639859375 0.14969368593750002 0.48133635 0.160897078125 0.4792034046875 0.1849043875 0.496267140625 0.200909259375 0.5197298781249999 0.2089116953125 0.5410596703125 0.20731123125 0.5623894625 0.194507315625 0.55812356875 0.17690195 0.53466083125 0.154495134375
0 0.41308091874999997 0.0472625078125 0.42161286875000004 0.0648678734375 0.43227776406249996 0.079272253125 0.44319995 0.0859996109375 0.4728044015625 0.0712698171875 0.4493416625 0.0472625078125 0.41734697499999995 0.036059146874999996 0.41308091874999997 0.0472625078125
0 0.3725544453125 0.41217361874999997 0.3725544453125 0.42337697968750004 0.38961818125000003 0.4489848125 0.4002830765625 0.464989684375 0.41734697499999995 0.4953989046875 0.43654382031249994 0.500200415625 0.4685385078125 0.48419554375 0.4937076703125 0.455866790625 0.5090649828125 0.4169750671875 0.5069320359375 0.39296775781250004 0.48133635 0.3753623625 0.447208715625 0.3673599265625 0.4088150265625 0.386565784375 0.3725544453125 0.41217361874999997
0 0.5367937765625 0.5818253624999999 0.53466083125 0.6122345234375 0.5453257265625 0.623437884375 0.560256515625 0.62183754375 0.57518746875 0.6138351078125 0.5730543578125 0.5962296499999999 0.5559906234375 0.583425703125 0.5367937765625 0.5818253624999999
0 0.73516090625 0.71466566875 0.7244960109374999 0.7034622453125 0.6989001625 0.695459809375 0.6839693734375001 0.70186190625 0.6775703703125 0.71466566875 0.6775703703125 0.72266810625 0.6839693734375001 0.7418740875000001 0.7159640609375 0.7594793609375 0.73516090625 0.7482759375 0.7436928546875 0.7290700796875 0.73516090625 0.71466566875
0 0.5026661421874999 0.5802247781250001 0.5133310390625 0.5594183953125 0.523995934375 0.5450140453125 0.5431927796875 0.5194062140625 0.5431927796875 0.511403778125 0.5410596703125 0.49059745625 0.5133310390625 0.48579600625 0.48773519062500004 0.48419554375 0.4685385078125 0.4985998921875 0.4749373484375 0.5226072015625001 0.4685385078125 0.5306096375 0.4621395046875 0.5194062140625 0.442942659375 0.5130043015625 0.41734697499999995 0.5098033156249999 0.41734697499999995 0.5322101609375001 0.4237458140625 0.546614509375 0.4344107109375 0.5690213546875 0.45147460937500006 0.5786242546875 0.4280118703125 0.5802247781250001 0.391751128125 0.5898277984375 0.38108623124999996 0.5930286640625 0.359756440625 0.5946291265625 0.34482565 0.5962296499999999 0.3384266484375 0.6122345234375 0.346958596875 0.6314403203125 0.3533576 0.64264374375 0.3640224953125 0.64744519375 0.3768203390625 0.658648615625 0.396017184375 0.658648615625 0.419479921875 0.6506461796874999 0.4344107109375 0.6458448515625 0.4408097140625 0.64104328125 0.4458666171875 0.6379996109375 0.4728044015625 0.6298399796874999 0.48560224375 0.6154354484375 0.496267140625 0.5994305765625 0.5026661421874999 0.5802247781250001
0 0.44507560625 0.25532581875 0.4237458140625 0.272931215625 0.4237458140625 0.2873355640625 0.44507560625 0.2969385234375 0.4538666171875 0.2999996109375 0.4749373484375 0.29213707499999997 0.4792034046875 0.274531678125 0.4728044015625 0.26172779375 0.44507560625 0.25532581875
0 0.43654382031249994 0.2505243703125 0.4344107109375 0.2393209765625 0.41521402968750004 0.22491656875000002 0.383219340625 0.2393209765625 0.37919995 0.2359996109375 0.4002830765625 0.25692634375 0.42161286875000004 0.268129765625 0.4344107109375 0.25852680625 0.43654382031249994 0.2505243703125
0 0.3853522875 0.1368898 0.3533576 0.12408594531249999 0.34909154375 0.14169125 0.3640224953125 0.156095690625 0.3578666171875 0.15999961093749998 0.383219340625 0.1721005625 0.3938842375 0.15769612187499998 0.39815013125 0.1512941796875 0.3853522875 0.1368898
0 0.35762349375 0.0376595796875 0.346958596875 0.045662015625 0.3341607546875 0.0696693234375 0.3498666171875 0.07799961093749999 0.3640224953125 0.076071328125 0.383219340625 0.0584659015625 0.383219340625 0.052064018749999996 0.35762349375 0.0376595796875
0 0.27017137812500003 0.0248556625 0.2381766921875 0.015252764062499998 0.22537885000000002 0.02165470625 0.22537885000000002 0.0328580984375 0.2296447421875 0.0440615828125 0.22537885000000002 0.0472625078125 0.2637723765625 0.0584659015625 0.274437271875 0.0472625078125 0.274437271875 0.0376595796875 0.27017137812500003 0.0248556625
0 0.3128309625 0.0168532265625 0.30429901406250004 0.0168532265625 0.28723527656250003 0.02645615625 0.306431959375 0.0440615828125 0.3128309625 0.045662015625 0.310698015625 0.0440615828125 0.3256288046875 0.0440615828125 0.3341607546875 0.0328580984375 0.3341607546875 0.028056648437499998 0.3128309625 0.0168532265625
0 0.3384266484375 0.112882490625 0.33202780781249996 0.10167906874999999 0.323495859375 0.09367663125 0.3000331203125 0.10167906874999999 0.2957670640625 0.112882490625 0.2936341171875 0.12408594531249999 0.3000331203125 0.1336888125 0.30856506875 0.148093253125 0.3298948609375 0.14489220625000002 0.3362937015625 0.13208838125 0.3384266484375 0.12408594531249999 0.3384266484375 0.112882490625
0 0.2296447421875 0.25532581875 0.21258100624999998 0.25692634375 0.2019161109375 0.2713306921875 0.20618200468749998 0.2809336515625 0.218979846875 0.2937375375 0.22324590312499998 0.2937375375 0.2339107984375 0.29053655156249997 0.22751179531250001 0.2873355640625 0.24244258593749998 0.2857351015625 0.2573735359375 0.2713306921875 0.250974534375 0.2601273296875 0.2296447421875 0.25532581875
0 0.2957670640625 0.4521857984375 0.282969221875 0.47139159687500004 0.30429901406250004 0.48579600625 0.336533284375 0.49399961093750006 0.351224653125 0.47459258281250005 0.351224653125 0.464989684375 0.31709685625 0.4441833625 0.2957670640625 0.4521857984375
0 0.2531074796875 0.32894826875 0.26803843125000004 0.34015169218749997 0.29919995 0.3499996109375 0.31709685625 0.33054873125 0.3000331203125 0.31454385937499996 0.26590548593749996 0.3161443828125 0.2531074796875 0.32894826875
0 0.42587892343749995 0.3113428734375 0.41521402968750004 0.3225462953125 0.42587892343749995 0.33054873125 0.4408097140625 0.34495314062500004 0.46427245156249997 0.32574728125 0.46427245156249997 0.3161443828125 0.4408097140625 0.3065414234375 0.42587892343749995 0.3113428734375
0 0.383219340625 0.3369507046875 0.40241602343749994 0.34975459062500003 0.41521402968750004 0.32894826875 0.40454913281250005 0.30974240937499997 0.37468739218749997 0.308141946875 0.3682883890625 0.319345309375 0.383219340625 0.3369507046875
0 0.346958596875 0.1833039234375 0.3277617515625 0.1849043875 0.31709685625 0.197708303125 0.31709685625 0.21211274375000003 0.3362937015625 0.23772048437499999 0.336533284375 0.22799961093749999 0.36188955 0.213713175 0.3640224953125 0.2025097515625 0.3640224953125 0.1929068234375 0.346958596875 0.1833039234375
0 0.27657038125 0.1640981265625 0.2637723765625 0.15289464218749999 0.22751179531250001 0.154495134375 0.22751179531250001 0.17370099375 0.2528797203125 0.17913957656249999 0.27657038125 0.1640981265625
0 0.3256288046875 0.27613220156249996 0.3418666171875 0.2839996109375 0.35762349375 0.2713306921875 0.34482565 0.25852680625 0.3277617515625 0.2649287796875 0.3256288046875 0.27613220156249996
0 0.3021660671875 0.25212489374999997 0.2915011703125 0.2649287796875 0.304533284375 0.27199961093749997 0.32136291250000004 0.2809336515625 0.33202780781249996 0.26652924218749996 0.323495859375 0.25372535625000003 0.3021660671875 0.25212489374999997
0 0.6903682140625 0.5578180546875 0.6861023203125 0.5594183953125 0.67117153125 0.5754232671875 0.6778666171875 0.5879996109375 0.7031662187500001 0.5850262265625 0.7159640609375 0.5690213546875 0.7074321125 0.5578180546875 0.6903682140625 0.5578180546875
0 0.705299165625 0.5882272140625 0.705299165625 0.6026315624999999 0.7180970078125 0.6122345234375 0.728533284375 0.6199996109375 0.7436928546875 0.6058326703125 0.7415597453125 0.5946291265625 0.7180970078125 0.586626690625 0.705299165625 0.5882272140625
0 0.7692885406250001 0.657048153125 0.7735544328125 0.6538472890625 0.7692885406250001 0.64264374375 0.760756753125 0.6314403203125 0.73516090625 0.6458448515625 0.73516090625 0.6522467046875 0.7522246406249999 0.658648615625 0.7692885406250001 0.657048153125
0 0.55812356875 0.87311393125 0.5367937765625 0.8539081328125 0.5090649828125 0.860309984375 0.49413419375 0.86511149375 0.4749373484375 0.8763148562499999 0.4749373484375 0.887518340625 0.48773519062500004 0.8955207765625 0.48986830000000003 0.9131261125 0.5133310390625 0.9099251859375 0.5154639859375 0.8987217015625 0.52612888125 0.8843172921875 0.5410596703125 0.87471439375 0.55812356875 0.87311393125
0 0.8908682890625 0.8635110312500001 0.9100652953124999 0.8587095203124999 0.9143311890625 0.8379032593750001 0.9143311890625 0.836302675 0.8991999500000001 0.8139996109375 0.8652726046874999 0.8395037234375 0.8567408171875 0.8459056953124999 0.869538496875 0.8635110312500001 0.8908682890625 0.8635110312500001
0 0.8396769187500001 0.8811163671875001 0.82719995 0.8759996109375001 0.8034163375000001 0.890719265625 0.8290120234374999 0.8955207765625 0.8482087046875 0.8955207765625 0.8396769187500001 0.8811163671875001