2 0.4062647765625 0.5270707406249999 0.42959423750000003 0.542575415625 0.4869180421875 0.5775859265625 0.5195792953125 0.557579928125 0.47092068749999993 0.530571834375 0.4169296625 0.5070647234375001 0.33683331875 0.472 0.34627473750000004 0.49756187656249995 0.36027240312500003 0.508065028125 0.4062647765625 0.5270707406249999
2 0.540242521875 0.57508519375 0.5101666515625001 0.591375 0.5502408609375 0.6180981421875 0.5889010781249999 0.6085952765625 0.540242521875 0.57508519375
2 0.76953779375 0.47655555468750005 0.7705007796875 0.48099969531250003 0.7895344734374999 0.4860584015625 0.8061983734375 0.47205419375 0.7842020046875 0.470053584375 0.76953779375 0.47655555468750005
2 0.6262282546875 0.50256338125 0.605564978125 0.5065645796875 0.59290045625 0.5130665703124999 0.5749034640625 0.5265705984375 0.5759999859375 0.5395 0.594233546875 0.5335726921874999 0.6108974468749999 0.5220692359375 0.6262282546875 0.50256338125
2 0.8415258609375 0.35141640625 0.8335272109374999 0.359418825 0.8168633109375 0.37592378437499996 0.8109999859375 0.392625 0.8208625859375 0.40243175468750003 0.8461917328125 0.36992197656250003 0.8495245140625001 0.36191957656249996 0.8415258609375 0.35141640625
2 0.3151666515625 0.643875 0.3376094890625 0.6522098875 0.364938275 0.643707365625 0.343608503125 0.639706128125 0.3151666515625 0.643875
2 0.45958925624999997 0.87698048125 0.4562564765625 0.8894842437499999 0.4655882703125 0.8959862140625001 0.47683331874999996 0.9032500000000001 0.4922505109375 0.8969864984375 0.4842518078125 0.886983490625 0.45958925624999997 0.87698048125
2 0.5129137359375 0.7689479968749999 0.49491669375 0.7604454359374999 0.4869180421875 0.7619459015625 0.48933331874999997 0.771375 0.5029153953125001 0.7829522046874999 0.518246153125 0.7839525093749999 0.5215789328125 0.7784508625 0.5129137359375 0.7689479968749999
2 0.30761446875 0.7829522046874999 0.29694958437499996 0.7834523671875 0.30761446875 0.7944556796875 0.3251666515625 0.8001250000000001 0.32694460468750003 0.7909546234375 0.319612496875 0.78545295625 0.30761446875 0.7829522046874999
2 0.2409588703125 0.380026534375 0.20683331875 0.387 0.2282942953125 0.3975318 0.25562313125 0.3910298296875 0.2409588703125 0.380026534375
2 0.18096883125000002 0.4010328375 0.1696373984375 0.3930304296875 0.12933331875 0.40075000000000005 0.1416420421875 0.4100355609375 0.1636383859375 0.40853509375 0.18096883125000002 0.4010328375
2 0.3449415953125 0.1151423375 0.3249449140625 0.099137534375 0.3076666515625 0.10262500000000001 0.3249449140625 0.1366488125 0.3536068421875 0.1391495640625 0.3596058578125 0.1391495640625 0.3449415953125 0.1151423375
2 0.5262448562500001 0.2156725859375 0.50758126875 0.20366896875 0.49758292812500005 0.1981673203125 0.47492001406249995 0.18216250312499999 0.46958759531250005 0.18366295 0.47825279375 0.1921655109375 0.48758458750000006 0.20216852031250002 0.49266665156249995 0.21012499999999998 0.5102475015625 0.219673784375 0.5229120765624999 0.22717604218749998 0.53557665 0.22717604218749998 0.5262448562500001 0.2156725859375
2 0.2936168046875 0.38622389375 0.330277384375 0.3807222078125 0.3102807046875 0.36471740937499997 0.28828433593749997 0.36621787656250004 0.26933331875 0.37324999999999997 0.26562147187499996 0.3772211703125 0.2769529046875 0.38972493125 0.2936168046875 0.38622389375
2 0.5669047609375 0.28469334062499996 0.5829021156249999 0.2901949875 0.5782362437499999 0.27819138906249996 0.56557166875 0.2726897234375 0.5669047609375 0.28469334062499996
2 0.540242521875 0.2496828109375 0.5315772734374999 0.2521835625 0.54433331875 0.262625 0.5529070953125 0.2666879140625 0.55757296875 0.262186571875 0.540242521875 0.2496828109375
2 0.512247190625 0.515567321875 0.44225881093749997 0.49005962031249994 0.3869346421875 0.4670526890625 0.369604196875 0.4590502890625 0.3589393125 0.44854711875 0.338276034375 0.4460463671875 0.33349998593749997 0.46637500000000004 0.447591228125 0.519068340625 0.5362431953125 0.5450761671875 0.5622388890625001 0.5320722453125 0.512247190625 0.515567321875
2 0.19496649531250002 0.3980319328125 0.21429663125 0.423539596875 0.263621784375 0.450547728125 0.27362012343750003 0.45955043125 0.27761945 0.46905329843750004 0.28828433593749997 0.4670526890625 0.2976161296875 0.47555525000000004 0.30828101406249997 0.48355764843750004 0.3276666515625 0.487625 0.32094558906250004 0.46805299375000003 0.25162375625 0.42554020625 0.213630084375 0.40703463749999996 0.19496649531250002 0.3980319328125
2 0.0729867546875 0.579789596875 0.0376592921875 0.5697865984375 0.018995729687499997 0.57478809375 0.0183291828125 0.591793215625 0.036833318749999996 0.600125 0.0829850953125 0.6127995375 0.081652003125 0.6057974234375 0.0729867546875 0.579789596875
2 0.2476244296875 0.503266584375 0.23495985625000002 0.4937637296875 0.2029651984375 0.52077185 0.1676377109375 0.544278925 0.152306953125 0.5572828375000001 0.131643703125 0.5677859890625 0.1136466859375 0.5792894546875 0.10031556562499999 0.587792015625 0.1309999859375 0.60075 0.1756364140625 0.57478809375 0.2196290984375 0.5432786203125 0.24829097656250002 0.5167706515625 0.2476244296875 0.503266584375
2 0.5089144109375 0.6563126296874999 0.53890943125 0.6428085625 0.52424516875 0.6383072015625 0.48558494999999996 0.64330870625 0.454923334375 0.6503108203125 0.41183331875 0.663875 0.4175962078125 0.6673159234375 0.47225383125000003 0.6628145796875 0.5089144109375 0.6563126296874999
2 0.6762199546875001 0.660313828125 0.7082146625 0.6368067546875 0.7195460953125 0.6208019375 0.7082146625 0.621802240625 0.68421860625 0.6428085625 0.6575563671875 0.6613141328125 0.6348935046874999 0.6788193984374999 0.5759999859375 0.705125 0.5802359312500001 0.7103288703125 0.6328938140625 0.6838209015625 0.6762199546875001 0.660313828125
2 0.7622056374999999 0.4549475875 0.7708708859375 0.4589487484375 0.7942003453125001 0.4594489109375 0.8161967140625 0.45794844375 0.8395261734374999 0.45294694062499996 0.8295278328125001 0.4444443984375 0.8095311531249999 0.441443484375 0.7948669421875 0.43944289375 0.784868603125 0.43944289375 0.7615391421875 0.44194364531249997 0.7288778375 0.4424438265625 0.69933331875 0.460125 0.71354713125 0.4659508625 0.7262116546875 0.4659508625 0.740875865625 0.4609493578125 0.7622056374999999 0.4549475875
2 0.7375430859375001 0.490458221875 0.7328772140625001 0.483456128125 0.7155467171875001 0.4824558609375 0.701549103125 0.4809553765625 0.6784999859374999 0.48825 0.68421860625 0.5069631828125 0.7095477546875 0.5054627546875 0.7375430859375001 0.49996110624999995 0.7375430859375001 0.490458221875
2 0.9341771046874999 0.0598211875 0.9481748218750001 0.0433162078125 0.9175132046875 0.046317121875 0.881333559375 0.077999534375 0.8868516890624999 0.09433155625 0.8981831218749999 0.084328546875 0.9341771046874999 0.0598211875
2 0.137642690625 0.41243476250000005 0.12231190781250001 0.42243777031249996 0.1576393703125 0.4459448453125 0.16630461875 0.43494157031249997 0.137642690625 0.41243476250000005
2 0.0629884140625 0.517966515625 0.081652003125 0.478954765625 0.086317875 0.4459448453125 0.08365166562500001 0.40843356249999996 0.0501666515625 0.40449999999999997 0.050323865625 0.45844860625 0.050323865625 0.5154657625 0.0629884140625 0.517966515625
2 0.3229452765625 0.6155973890625 0.3162797171875 0.599592553125 0.3022820515625 0.5740848875 0.2796191390625 0.5395745015625 0.25683331875 0.5351250000000001 0.2709538890625 0.5925904390625 0.29095056874999997 0.61709781875 0.3229452765625 0.6155973890625
2 1 0.4617992328125 0.987576840625 0.4597986234375 0.926253709375 0.4532966703125 0.8709999859374999 0.45137499999999997 0.86026465625 0.4617992328125 0.87492886875 0.46580043125000004 0.8949255484374999 0.4693014890625 0.9289199437500001 0.47630360312500003 0.9655805234375 0.483805859375 1 0.4923084015625 1 0.4617992328125
2 0.8382682875 0.5324219765625 0.8469335359375 0.52892091875 0.8489332234375 0.521918825 0.8476000828125001 0.5169173203125 0.8256037656249999 0.522919109375 0.770279596875 0.5344225859375 0.732285925 0.546426184375 0.6882931890624999 0.5699332578125 0.6882931890624999 0.5889389703125001 0.718288209375 0.5749347625000001 0.77494546875 0.5544286031250001 0.8382682875 0.5324219765625
2 1 0.12129081562499999 0.9762454093749999 0.1457981765625 0.9549155859375 0.1718060015625 0.9269202562500001 0.1943127703125 0.9326666515625 0.192 0.9542490406249999 0.2008147234375 0.9795781890624999 0.17280630624999999 1 0.1362953296875 1 0.12129081562499999