2 0.6688284171875 0.096173509375 0.6482603109375 0.08016868906249999 0.5972211890625 0.042443059374999995 0.5492291921875 0.012148231249999999 0.5492291921875 0.02986784375 0.5789384984375 0.04530105625 0.6231217203125 0.07216630625 0.6269306125 0.0881711046875 0.6574017421875 0.159621165625 0.6833021578125 0.20763559374999999 0.690158115625 0.2430748296875 0.684825690625 0.28251527187500003 0.6924434749999999 0.2773708578125 0.7023466140625 0.26822525937499997 0.70082308125 0.24250323749999997 0.6992995484375 0.22478360937500003 0.7152968234375 0.25222045 0.7152968234375 0.2596512515625 0.7152968234375 0.2630808453125 0.72367643125 0.26822525937499997 0.7213910718750001 0.26136609375000003 0.7290088546875 0.271654853125 0.7419590625 0.2836584765625 0.75161903125 0.2901428578125 0.7396737046874999 0.2630808453125 0.7191057140625 0.2162096015625 0.701584790625 0.1521903640625 0.6688284171875 0.096173509375
2 0.90802675 0.098459909375 0.9182856968750001 0.10371428593750001 0.9285947406249999 0.09331550625 0.9270712078125 0.08645631875000001 0.9179298906250001 0.0887426953125 0.90802675 0.098459909375
2 0.9209769578125 0.1293263546875 0.907264925 0.1293263546875 0.907264925 0.1367571453125 0.9125714109375 0.1487142859375 0.9209769578125 0.1470459515625 0.9270712078125 0.1293263546875 0.9209769578125 0.1293263546875
2 0.8859352265625 0.18134197968750002 0.87831744375 0.18191357187499999 0.8821263359374999 0.19048757968750002 0.89161903125 0.19157142968750002 0.8966000765625 0.1830567765625 0.8912676515625 0.178483978125 0.8859352265625 0.18134197968750002
2 0.546943834375 0.33350374843749997 0.5454203015625 0.3386481625 0.5454203015625 0.3443641671875 0.5454203015625 0.348365353125 0.5522762593749999 0.3546529703125 0.5583705078125 0.356939359375 0.5630476015625 0.3637142859375 0.556846975 0.3380765484375 0.5507527249999999 0.3272161515625 0.546943834375 0.33350374843749997
2 0.41058551093749995 0.1154918765625 0.3831615046875 0.04747143125 0.3656405796875 0.057188645312499994 0.378590846875 0.08233905312499999 0.42734466875 0.19380114843750001 0.47686025625 0.3226433296875 0.5210433609375 0.43524863125 0.53780251875 0.47354589062499997 0.5439999828125 0.46585714375 0.5058077953125 0.35065180625000003 0.47381313125 0.270056103125 0.4486744234375 0.1963196296875 0.41058551093749995 0.1154918765625
2 0.535517159375 0.47892235312500003 0.5592380765625 0.5437142859375 0.57055895 0.5515156203125 0.553038084375 0.493212365625 0.5477056015625 0.47720755625000005 0.535517159375 0.47892235312500003
2 0.1279657796875 0.5040727609375 0.12491865625000001 0.482351946875 0.12720401406249998 0.4606311328125 0.12187153125000001 0.45320033125 0.11653910625 0.46749034375000004 0.109683090625 0.4897827484375 0.1142537484375 0.49664195937500005 0.11828569687499998 0.5037142859375 0.118062640625 0.5057875796875 0.11958623125000001 0.5040727609375 0.1279657796875 0.5040727609375
2 0 0.22981197656250002 0.0030476015624999997 0.2551428578125 0.012175476562499999 0.242387190625 0.0129372421875 0.2355280015625 0.013699039062500001 0.226382425 0.0106519140625 0.220094784375 0.00151056875 0.2098059578125 0 0.21780841875 0 0.22981197656250002
2 0.021316821875 0.2579364546875 0.01750793125 0.263652459375 0.01750793125 0.269368465625 0.01750793125 0.276227653125 0.019793259375 0.27965726874999997 0.027411040625 0.27965726874999997 0.0335237921875 0.274428571875 0.0251257140625 0.26479564375 0.0251257140625 0.24764762812500002 0.021316821875 0.2579364546875
2 0.0411230453125 0.2665104625 0.047217265625 0.27108326250000003 0.057333315625000006 0.26657142968750003 0.05712040625 0.2430748296875 0.05102615781249999 0.25222045 0.0411230453125 0.2665104625
2 0.0030341312499999997 0.3345309078125 0.0135237921875 0.3537142859375 0.015222601562499999 0.3351024984375 0.0098901484375 0.32767171875 0 0.3208124875 0.0030341312499999997 0.3345309078125
2 0.0967328828125 0.06702188125 0.0952092921875 0.060162671875 0.083782646875 0.07159468125 0.0746413015625 0.08016868906249999 0.07007061406250001 0.09331550625 0.06473818906249999 0.1093203375 0.077333315625 0.10014285781250001 0.086829740625 0.08988590156250001 0.0906386328125 0.08988590156250001 0.0967328828125 0.08416989687500001 0.0967328828125 0.06702188125
2 0.35116684062500003 0.3116668875 0.356380934375 0.324428571875 0.364117046875 0.31852614218749997 0.36335527968750003 0.30938049843750004 0.353452140625 0.3105236828125 0.35116684062500003 0.3116668875
2 0.5918887640625 0.5000715765625 0.58427098125 0.49492716249999996 0.580462090625 0.49492716249999996 0.573606075 0.48921115625 0.571320715625 0.49035436250000003 0.5697971828124999 0.49549875468750004 0.574367840625 0.497785165625 0.5789384984375 0.5040727609375 0.5789384984375 0.50807396875 0.5797003234375 0.5155047703125 0.5880798734375 0.52007759375 0.595428553125 0.5230000015625 0.59569765625 0.516076384375 0.59569765625 0.5120751765625 0.5918887640625 0.5000715765625
2 0 0.574951275 0.0677852859375 0.5646624265625 0.1614840359375 0.55551680625 0.239185396875 0.5486576171875 0.26584763749999996 0.5452280015625 0.31841035 0.5423699984375 0.355737496875 0.540083609375 0.35352379218749996 0.532285715625 0.19195516875000002 0.5389404046874999 0.0411230453125 0.553802009375 0 0.5612328109375 0 0.574951275
2 0.500870746875 0.5800625984375001 0.49512810468749996 0.5846793703125 0.4988198046875 0.5883728046875001 0.5031794765625001 0.591615384375 0.5094846953125 0.5880650234375 0.5057929953125 0.5819093265624999 0.500870746875 0.5800625984375001
2 0.45164815 0.5262002546875 0.4487768140625 0.524969134375 0.4463156890625 0.524969134375 0.4413934421875 0.5262002546875 0.4409832296875 0.5292781046874999 0.44344438437499994 0.5320481609375001 0.446769221875 0.53430769375 0.4553398203125 0.536664934375 0.45780097499999994 0.5320481609375001 0.45164815 0.5262002546875
2 0.3905300859375 0.545282909375 0.3884791453125 0.542205059375 0.38683838593750003 0.5397427828125 0.3836922984375 0.5431538453125 0.3856078078125 0.5483607687500001 0.38724856875 0.5489763296875 0.3905300859375 0.545282909375
2 0.4110395015625 0.488958278125 0.40816816562499997 0.4877271453125 0.4028357359375 0.4864960015625 0.4011949765625 0.48557264843750003 0.39709309375 0.4837259328125 0.393811575 0.484033725 0.392581028125 0.48680378125 0.3942217875 0.488958278125 0.3962727296875 0.4920361265625 0.3999643984375 0.49388284374999997 0.4044764953125 0.4951139765625 0.41138460468750004 0.49276923124999994 0.41965345000000004 0.49634512031250005 0.4188330859375 0.4929594796875 0.4110395015625 0.488958278125
2 0.6464875640625001 0.27528847500000003 0.61121140625 0.2312752265625 0.5788064937499999 0.1937254703125 0.561168446875 0.1703338234375 0.5402488171875001 0.1586379953125 0.5291737140625 0.1540212203125 0.512356 0.1527900828125 0.49840959218750003 0.15463680468750002 0.487744703125 0.1626392015625 0.48364281875000004 0.1687948984375 0.4869243390625 0.1681793265625 0.49266698125 0.1611002765625 0.504152234375 0.1577146546875 0.52507183125 0.15740685625 0.53163486875 0.160792496875 0.5402488171875001 0.1669481953125 0.5525544671875 0.18110629375 0.590291778125 0.22727404999999998 0.6239272062500001 0.2639004203125 0.679589734375 0.32853846249999996 0.6764313234375 0.3156082890625 0.6641256734375001 0.298372340625 0.6464875640625001 0.27528847500000003
2 0.331462965625 0.1172698609375 0.32695090000000004 0.10988301874999999 0.3121841265625 0.1003416921875 0.3089026078125 0.0981871953125 0.30398036093749997 0.09849498749999999 0.30849242499999996 0.1031117609375 0.31423506875 0.11542315624999999 0.3201025546875 0.11815384531249999 0.32407956250000003 0.1185010046875 0.32736108124999996 0.1185010046875 0.331462965625 0.1172698609375
2 0.7615025203125 0.3450445578125 0.7574006375 0.3527391796875 0.7565128109375 0.357384615625 0.7643738578125 0.349045759375 0.7672451625 0.3435056328125 0.7615025203125 0.3450445578125