2 0.8403035671874999 1 0.8595052531249999 0.7946889484375 0.8799069312500001 0.50180086875 0.8883076000000001 0.28093445156249996 0.8535047499999999 0.28893685625 0.8499044109374999 0.3977695796875 0.8391035765625 0.6298395015625 0.8271025671875 0.7882869984374999 0.8120029734375 1 0.8403035671874999 1
2 0.0062335 0.4777936484375 0.011033921875 0.6298395015625 0.019434590625 0.6666504375 0.053037451562500004 0.6842557703125001 0.04463678125 0.6090331328125 0.0410364421875 0.4057719859375 0.045836864062499996 0.18970700000000001 0.065038459375 0.0008501796875 0.0333083 0 0.018234509375 0.1160849109375 0.009833839062499999 0.216915165625 0.0062335 0.4777936484375
2 0.08784039375 0 0.083039971875 0.10648195625000001 0.07943963281250001 0.3801643078125 0.083039971875 0.49859989374999997 0.0854401359375 0.713064421875 0.08784039375 0.8683110671875 0.094823678125 1 0.129843921875 1 0.1142425734375 0.628238921875 0.11064232656249999 0.4521859703125 0.11184240937500001 0.1656997796875 0.11664282968749999 0.042462701562499996 0.12024307812499999 0 0.08784039375 0
2 0.2390530765625 1 0.23425265624999997 0.8427033890625 0.22465190468750001 0.509803275 0.2198514828125 0.0264578875 0.211450721875 0.0184554796875 0.198349559375 0.026400001562499997 0.2018499703125 0.1769031296875 0.204250134375 0.5114037312499999 0.20665039218749998 0.6858563484375 0.203050053125 0.7146648796874999 0.20785047343750002 0.8891173734375 0.2186514 1 0.2390530765625 1
2 0.184846184375 1 0.1826483765625 0.7658803562500001 0.1838484578125 0.617035540625 0.186248621875 0.40417152968750003 0.1874487046875 0.26172866250000004 0.1598464421875 0.2553267125 0.1538459375 0.2905373140625 0.147845434375 0.5402124453125 0.1466453515625 0.6138346875 0.14424509375 0.6730523875000001 0.1466453515625 0.7610788640624999 0.147845434375 0.8907178312499999 0.14904551562499999 0.9739429359375 0.1466453515625 1 0.184846184375 1
2 0.3446619859375 1 0.3446619859375 0.89711978125 0.3398615640625 0.6634494625 0.333861059375 0.6122341078125 0.32426021718750003 0.628238921875 0.3170596296875 0.631439834375 0.30385853906250004 0.625037946875 0.3074587875 0.708262990625 0.30637656562500004 1 0.3446619859375 1
2 0.27505610156250004 0 0.27025567968750003 0.1833050796875 0.27025567968750003 0.44578402031250003 0.2690555984375 0.6922581765625 0.27745626562500003 0.91952654375 0.2810566046875 1 0.30487619062500004 0.9964000015625001 0.30385853906250004 0.708262990625 0.3002582 0.6186359968749999 0.29425769687500003 0.5994302078125 0.29305761406249997 0.5402124453125 0.296657953125 0.50820281875 0.30385853906250004 0.4793941046875 0.3014582828125 0.396169121875 0.3014582828125 0.18970700000000001 0.3062587046875 0.042462701562499996 0.3074587875 0 0.27505610156250004 0
2 0.2126508953125 0 0.2234517296875 0.0184554796875 0.222251646875 0.186506025 0.22465190468750001 0.43618115625 0.23425265624999997 0.8587082031250001 0.2354527375 1 0.26436606406249996 1 0.2594547546875 0.6234374296875 0.25225416875 0.3257479171875 0.25585450781249996 0 0.2126508953125 0
2 0.47891970156249997 1 0.48027332187500005 0.7418731968750001 0.4838736609375 0.41537484999999996 0.476673075 0.224917571875 0.4442702984375 0.224917571875 0.443070215625 0.3977695796875 0.44667055468749994 0.8186961687500001 0.443070215625 1 0.47891970156249997 1
2 0.48492120312500003 0 0.48627382656249996 0.2201162015625 0.48747390937499996 0.4793941046875 0.49107424843749997 0.770681728125 0.49107424843749997 0.9979501562499999 0.523476934375 1 0.523476934375 0.8555072890625001 0.52107676875 0.455386884375 0.52107676875 0.2585276875 0.5150762640625001 0 0.48492120312500003 0
2 0.5558797109375 0.4409825875 0.54747895 0.0456636765625 0.563080296875 0.0008501796875 0.5198766859374999 0 0.523476934375 0.13689109531250002 0.5198766859374999 0.5722220734375 0.523476934375 0.836301440625 0.5239309546875 0.9964000015625001 0.5570797921875 1 0.5606801328125 0.7818851703125 0.5558797109375 0.4409825875
2 0.5978832390625 0.538611928125 0.5954829828125 0.631439834375 0.601950459375 0.6484000015625 0.6290858421875 0.6234374296875 0.6350863453125 0.312944078125 0.5978832390625 0.3369512984375 0.5978832390625 0.538611928125
2 0.6206851734375001 0 0.6154538359374999 0.1024000015625 0.636286428125 0.19610897968750002 0.6470874453125 0.0952786046875 0.6470874453125 0.0008501796875 0.6206851734375001 0
2 0.644687096875 0 0.6458872718750001 0.0504651078125 0.6410869421875 0.20411138750000002 0.64348710625 0.240922415625 0.6470874453125 0.2713315265625 0.636286428125 0.29693926406250004 0.636286428125 0.35135559375000003 0.630285925 0.6058322796875 0.6242854203125 0.89711978125 0.6229557109375 1 0.6458872718750001 1 0.651887775 0.9707418999999999 0.654287940625 0.7338707906249999 0.6578882796875 0.4937984609375 0.6602884453125 0.2777334765625 0.6602884453125 0.1608983171875 0.6554881140625 0.082474734375 0.6662889484375001 0 0.644687096875 0
2 0.6950914781249999 0.3561570875 0.7010919828125 0.4793941046875 0.7034921484375001 0.74347353125 0.6950914781249999 0.9339309015625 0.6914911390625 1 0.7234808421875 0.9984000015625 0.7262939890625 0.644243734375 0.7286941546875 0.386566196875 0.725094 0.3433531875 0.6950914781249999 0.3561570875
2 0.6950914781249999 1 0.6974916437500001 0.8955193234375001 0.7046921390625001 0.6778539421875001 0.7058923125 0.5322100390625 0.6962914703124999 0.4537864265625 0.662688609375 0.476193190625 0.6782899578125 0.5626191484375 0.6674891234375 0.8202966265624999 0.6664665890625 1 0.6950914781249999 1
2 0.708292478125 0 0.7202934859375001 0.146493990625 0.7274941640625 0.35935800156250003 0.7334946671875 0.69385875625 0.7264815921875 1 0.7598968484374999 0.9947491203125001 0.7634971890625 0.8507057953125001 0.7718978578125 0.6090331328125 0.765897353125 0.44898499531249997 0.7466956671875 0.20731230156249997 0.7526961703125 0 0.708292478125 0