2 0.16799999999999998 0.08 0.11599999999999999 0.074 0.10933333281249999 0.076 0.10800000000000001 0.08199999999999999 0.1186666671875 0.10500000000000001 0.1266666671875 0.10900000000000001 0.1213333328125 0.136 0.156 0.136 0.3373333328125 0.121 0.724 0.10200000000000001 0.7413333328125 0.08199999999999999 0.74 0.064 0.736 0.05 0.7186666671874999 0.048 0.48 0.068 0.3506666671875 0.06999999999999999 0.16799999999999998 0.08
2 1 0.604 0.952 0.601 0.8986666671875 0.603 0.8933333328125 0.61 0.8960000000000001 0.629 0.9400000000000001 0.63 1 0.625 1 0.604
2 1 0.387 0.8866666671875001 0.384 0.8733333328124999 0.413 0.8746666671875 0.42300000000000004 1 0.42000000000000004 1 0.387
2 0.11200000000000002 0.233 0.1106666671875 0.24300000000000002 0.1213333328125 0.25 0.13999999999999999 0.252 0.196 0.24500000000000002 0.3026666671875 0.23900000000000002 0.7106666671874999 0.24300000000000002 0.7186666671874999 0.236 0.7186666671874999 0.21600000000000003 0.704 0.213 0.1893333328125 0.225 0.124 0.229 0.11200000000000002 0.233
2 0.1106666671875 0.173 0.10800000000000001 0.187 0.11333333281249999 0.194 0.12933333281249998 0.196 0.17466666718749999 0.192 0.4813333328125 0.19 0.6506666671875 0.184 0.7226666671875 0.178 0.728 0.173 0.7293333328125 0.159 0.7253333328125 0.155 0.7106666671874999 0.155 0.5973333328125 0.16599999999999998 0.1253333328125 0.16799999999999998 0.1106666671875 0.173
2 0.0813333328125 0.296 0.08 0.309 0.09066666718750001 0.316 0.1413333328125 0.317 0.2013333328125 0.31 0.3973333328125 0.306 0.688 0.29100000000000004 0.7253333328125 0.292 0.7453333328125 0.288 0.748 0.27999999999999997 0.7373333328125 0.265 0.708 0.261 0.316 0.286 0.1 0.29 0.0813333328125 0.296
2 0.08 0.341 0.072 0.34500000000000003 0.0706666671875 0.352 0.0786666671875 0.363 0.092 0.366 0.21600000000000003 0.365 0.33599999999999997 0.37 0.6106666671875 0.369 0.7613333328125 0.36 0.7666666671875 0.355 0.764 0.33799999999999997 0.7453333328125 0.33599999999999997 0.6413333328124999 0.34500000000000003 0.132 0.33799999999999997 0.08 0.341
2 0.1306666671875 0.532 0.13333333281249998 0.55 0.1493333328125 0.5660000000000001 0.1386666671875 0.572 0.1373333328125 0.581 0.148 0.5860000000000001 0.176 0.5860000000000001 0.744 0.579 0.7586666671875 0.5740000000000001 0.7573333328125 0.5650000000000001 0.748 0.5599999999999999 0.6293333328124999 0.5589999999999999 0.49466666718749996 0.5650000000000001 0.2573333328125 0.562 0.2213333328125 0.5660000000000001 0.1586666671875 0.5650000000000001 0.1626666671875 0.5599999999999999 0.17333333281250002 0.558 0.268 0.557 0.736 0.53 0.7506666671875 0.525 0.756 0.509 0.7706666671875 0.502 0.76 0.495 0.7426666671875 0.495 0.36266666718749996 0.519 0.1413333328125 0.526 0.1306666671875 0.532
2 0.24133333281249997 0.399 0.11599999999999999 0.40099999999999997 0.10533333281249999 0.404 0.10800000000000001 0.417 0.12 0.43200000000000005 0.13333333281249998 0.43499999999999994 0.6813333328125 0.42400000000000004 0.7253333328125 0.42400000000000004 0.74 0.42699999999999994 0.74 0.43 0.736 0.43600000000000005 0.724 0.438 0.568 0.44699999999999995 0.5586666671875 0.461 0.5453333328125 0.46299999999999997 0.5266666671875 0.462 0.5186666671875 0.45199999999999996 0.504 0.449 0.42000000000000004 0.449 0.296 0.457 0.13999999999999999 0.461 0.1066666671875 0.46699999999999997 0.1066666671875 0.477 0.11200000000000002 0.485 0.152 0.488 0.7613333328125 0.465 0.7693333328125 0.458 0.772 0.42800000000000005 0.784 0.388 0.7573333328125 0.387 0.5133333328125 0.40599999999999997 0.41733333281249996 0.40700000000000003 0.24133333281249997 0.399
2 0.17466666718749999 0.834 0.1906666671875 0.835 0.44266666718750003 0.8220000000000001 0.744 0.8240000000000001 0.7706666671875 0.8220000000000001 0.776 0.818 0.776 0.808 0.7706666671875 0.805 0.4386666671875 0.8029999999999999 0.17466666718749999 0.8140000000000001 0.16933333281250001 0.8210000000000001 0.17466666718749999 0.834
2 0.1533333328125 0.621 0.1533333328125 0.633 0.1573333328125 0.642 0.1666666671875 0.643 0.3573333328125 0.629 0.7426666671875 0.631 0.7733333328125 0.628 0.7746666671875 0.618 0.7746666671875 0.605 0.7706666671875 0.603 0.4386666671875 0.601 0.296 0.607 0.16 0.618 0.1533333328125 0.621
2 0.156 0.687 0.1706666671875 0.689 0.272 0.682 0.6599999999999999 0.6950000000000001 0.7626666671875 0.696 0.7786666671875 0.692 0.7786666671875 0.669 0.744 0.663 0.32799999999999996 0.653 0.16 0.659 0.1546666671875 0.661 0.156 0.687
2 0.14666666718750002 0.738 0.156 0.762 0.1666666671875 0.768 0.524 0.764 0.7613333328125 0.767 0.768 0.764 0.768 0.757 0.7613333328125 0.753 0.46399999999999997 0.749 0.3426666671875 0.753 0.244 0.749 0.2866666671875 0.743 0.44266666718750003 0.733 0.7426666671875 0.735 0.764 0.734 0.772 0.726 0.772 0.7190000000000001 0.7666666671875 0.717 0.5026666671875 0.716 0.156 0.731 0.148 0.733 0.14666666718750002 0.738