2 0.255686275 0.29823529375 0.2729411765625 0.3 0.2690196078125 0.3111764703125 0.27137255 0.3229411765625 0.2596078421875 0.3211764703125 0.269803921875 0.37176470625 0.2831372546875 0.4264705875 0.3011764703125 0.4364705875 0.3121568625 0.422352940625 0.3121568625 0.39470588125 0.29960784218750003 0.36823529375 0.2949019609375 0.32823529375 0.286274509375 0.28941176562500004 0.2690196078125 0.23529411875 0.27215686250000004 0.235882353125 0.246274509375 0.212352940625 0.24941176562499998 0.257647059375 0.24 0.2588235296875 0.255686275 0.29823529375
2 0.277647059375 0.5323529406249999 0.2878431375 0.5535294125 0.298039215625 0.5529411765625001 0.298039215625 0.5329411765625001 0.281568628125 0.5064705875 0.269803921875 0.48 0.25725490156249997 0.479411765625 0.264313725 0.50823529375 0.277647059375 0.5323529406249999
2 0.3388235296875 0.77529411875 0.33176470468749997 0.72176470625 0.330196078125 0.6888235296875 0.32862745000000004 0.6547058812500001 0.28392156874999996 0.6058823531249999 0.317647059375 0.815882353125 0.338039215625 0.8135294125 0.3388235296875 0.77529411875
2 0.42980392187499994 0.600588234375 0.43294117656250003 0.564117646875 0.40627450937500004 0.5335294125 0.409411765625 0.479411765625 0.37254902031250003 0.46823529375 0.389803921875 0.53529411875 0.4054901953125 0.6058823531249999 0.42980392187499994 0.600588234375
2 0.37333333281250003 0.8423529406249999 0.38196078437500003 0.9099999999999999 0.393725490625 0.9088235296875 0.401568628125 0.87529411875 0.4 0.8370588234375 0.3874509796875 0.752352940625 0.37254902031250003 0.729411765625 0.36705882343749996 0.6888235296875 0.3772549015625 0.6729411765625 0.366274509375 0.6588235296875 0.344313725 0.6764705875 0.35058823437500003 0.7264705874999999 0.35843137187499996 0.7729411765624999 0.37333333281250003 0.8423529406249999
2 0.6352941171875 1 0.630588234375 0.9770588234375 0.5827450984375 0.8170588234375 0.5349019609375001 0.80470588125 0.5505882343749999 0.847647059375 0.5749019609375 0.93823529375 0.5945098046874999 1 0.6352941171875 1
2 0.76 0.9488235296875001 0.7631372546875 0.877647059375 0.7647058828125 0.7617647062499999 0.7545098046875001 0.7358823531249999 0.7349019609375 0.744117646875 0.738039215625 0.9529411765625 0.758431371875 0.9605882343750001 0.76 0.9488235296875001
2 0.689411765625 0.5117647062499999 0.7231372546875 0.50823529375 0.7176470593750001 0.46764705937500006 0.721568628125 0.422352940625 0.7121568625 0.37470588125000004 0.694117646875 0.394117646875 0.68392156875 0.46176470625 0.681568628125 0.50470588125 0.689411765625 0.5117647062499999
2 0.442352940625 0.8335294125000001 0.4431372546875 0.86529411875 0.48 0.8711764703125 0.4470588234375 0.639411765625 0.41333333281250006 0.657647059375 0.42980392187499994 0.727647059375 0.43686274531249997 0.7835294125 0.442352940625 0.8335294125000001
2 0.3074509796875 0.5570588234375 0.318431371875 0.5976470593750001 0.35058823437500003 0.58 0.3435294125 0.5394117656249999 0.313725490625 0.534117646875 0.3074509796875 0.5570588234375
2 0.210196078125 0.755882353125 0.22431372500000002 0.7635294125 0.20549019531249998 0.71470588125 0.22274509843749998 0.712352940625 0.20627450937499997 0.6370588234375 0.1709803921875 0.6170588234375 0.18196078437500002 0.655882353125 0.189803921875 0.68529411875 0.210196078125 0.755882353125
2 0.230588234375 0.96 0.2345098046875 0.9864705875 0.264313725 0.9941176468749999 0.2588235296875 0.9652941187499999 0.230588234375 0.96
2 0.2088492890625 0.880354578125 0.2250980390625 0.949411765625 0.2564705875 0.9564705874999999 0.2245751640625 0.9054901953125001 0.218039215625 0.8976470593749999 0.21894535468749998 0.89649173125 0.2088492890625 0.880354578125
2 0.2517647046875 0.9211764703125 0.2345098046875 0.8523529406250001 0.20862745 0.879411765625 0.20876424999999998 0.8799931593749999 0.22039215781250002 0.879411765625 0.229803921875 0.8711764703125 0.233725490625 0.8729411765625 0.23529411718749998 0.8811764703125 0.2345098046875 0.889411765625 0.225882353125 0.887647059375 0.21894535468749998 0.89649173125 0.2245751640625 0.9054901953125001 0.225882353125 0.9070588234375 0.22823529531250003 0.8970588234375001 0.23607843125 0.8976470593749999 0.23607843125 0.9076470593750001 0.2517647046875 0.9211764703125