2 0.607060140625 0.1324249796875 0.6030277390625 0.0986358703125 0.600608275 0.0742325109375 0.5820592625 0.068600959375 0.5659296578124999 0.0723553265625 0.5554453890625 0.0986358703125 0.5554453890625 0.12679353124999998 0.5628150640625 0.162327 0.5764139265625 0.1812315984375 0.5981889328125 0.166214190625 0.607060140625 0.1324249796875
2 0.67722390625 0.333283 0.68125630625 0.327651415625 0.6844823046874999 0.323897115625 0.6844823046874999 0.3182655234375 0.6836757718750001 0.30137097343749997 0.6707721609374999 0.2919850890625 0.6651267015625 0.2919850890625 0.6578684265625 0.2976166046875 0.64899709375 0.31451123124999997 0.6434764890625 0.3359136796875 0.6619008281250001 0.333283 0.6683526953125 0.333283 0.67722390625 0.333283
2 0.9304588046875001 0.2807219796875 0.9377170796875 0.2750904625 0.9409430734375 0.2750904625 0.9522337484375001 0.2750904625 0.9594920234375 0.2750904625 0.9659438890625 0.265704578125 0.9602985531250001 0.2506871703125 0.9441689437499999 0.22065236093750001 0.9377170796875 0.2300382515625 0.926426403125 0.23566976875 0.9135226671875 0.23754691874999997 0.8925542546875 0.2225295109375 0.8780375812500001 0.23566976875 0.8901347859375001 0.2506871703125 0.902231990625 0.2563186875 0.9096591875 0.2749237625 0.9167486640625 0.28823072031249997 0.927232809375 0.2807219796875 0.9304588046875001 0.2807219796875
2 0.070750721875 0.2713360953125 0.0594600140625 0.2713360953125 0.053008146874999995 0.284476346875 0.0497822453125 0.30137097343749997 0.053814646875000004 0.31638837343750004 0.0602664828125 0.3182655234375 0.073805184375 0.32183908125 0.08688032812499999 0.30512534062499996 0.088493325 0.2901078640625 0.082041459375 0.2750904625 0.070750721875 0.2713360953125
2 0.279629140625 0.0742325109375 0.2828550734375 0.057337925 0.283661540625 0.0404433 0.2804356078125 0.031057415625 0.27317727187499996 0.031057415625 0.266725465625 0.031057415625 0.255434728125 0.029180265625 0.2452107109375 0.028618346875 0.24414399062499997 0.0723553265625 0.2546282609375 0.0817412109375 0.27075786874999996 0.0817412109375 0.279629140625 0.0742325109375
2 0.44657054374999994 0.3407916671875 0.4538288796875 0.3407916671875 0.46270014843749996 0.3407916671875 0.46753908125 0.3389145171875 0.47076495312500005 0.325774265625 0.47318441875 0.3201427484375 0.4699584859375 0.30887963906250004 0.46673255312500006 0.2994937546875 0.46189368125 0.2938622375 0.44657054374999994 0.2919850890625 0.426408534375 0.2938622375 0.4167307953125 0.2994937546875 0.40785952343750004 0.3220198984375 0.41459969843750005 0.3382594421875 0.4320539359375 0.3407916671875 0.437699271875 0.3407916671875 0.44657054374999994 0.3407916671875
2 0.8619079765625 0.1136532046875 0.8627143828125 0.0986358703125 0.861101446875 0.07798684375 0.8578755734374999 0.066723809375 0.8475139390624999 0.047952034375 0.836907034375 0.047952034375 0.8240034234375001 0.0610923265625 0.8175515578124999 0.0798641015625 0.821583959375 0.1005129859375 0.8280358281250001 0.1155303875 0.8431135109375001 0.11072014999999999 0.8514237078125 0.11740764687500001 0.8602950406250001 0.1136532046875 0.8619079765625 0.1136532046875
2 0.47479735312500004 0.9020677140625001 0.4804427546875 0.9058220140625 0.4885075578125 0.9058220140625 0.4941528953125 0.8851730890624999 0.491733490625 0.8701557546875 0.48366868749999997 0.8626470203125001 0.463506678125 0.8720329046874999 0.448990009375 0.877664353125 0.448183540625 0.8870502374999999 0.44484773437499997 0.9035890203125 0.45866774843749997 0.9058220140625 0.46753908125 0.9020677140625001 0.47479735312500004 0.9020677140625001
2 0.45060294375 0.791314225 0.4522159421875 0.781928340625 0.4562483453125 0.7687880812500001 0.4538288796875 0.7443847890625 0.44495760781250004 0.7425076390625 0.42882800000000004 0.7274902375 0.4167307953125 0.7425076390625 0.4054400578125 0.7556478984375 0.41431132968749995 0.778173965625 0.42367410781250003 0.8097583875 0.4304409359375 0.819471884375 0.43931226875 0.815717584375 0.45060294375 0.791314225
2 0.290113409375 0.6749292171875 0.290113409375 0.6599118093749999 0.278822671875 0.650525925 0.2675319359375 0.650525925 0.2570476671875 0.6524031421875 0.24817639531250002 0.6655433265624999 0.24898286249999999 0.68994669375 0.2578541953125 0.699332578125 0.2651124671875 0.7049640953125 0.2724339390625 0.704198925 0.2828550734375 0.699332578125 0.288500409375 0.6918239859375 0.290113409375 0.6749292171875
2 0.26430600000000004 0.8870502374999999 0.27317727187499996 0.8908046796875 0.283661540625 0.8908046796875 0.30382355 0.8908046796875 0.31592075468749997 0.8851730890624999 0.3070494828125 0.8551382796875 0.290113409375 0.8513839859375001 0.2570476671875 0.8457523953124999 0.24575699062499998 0.8495066937500001 0.24420244218749998 0.8707483 0.24898286249999999 0.877664353125 0.255434728125 0.8851730890624999 0.26430600000000004 0.8870502374999999
2 0.61109254375 0.7256130203125 0.6086730796875 0.7256130203125 0.5989953390625 0.7162271296875 0.5917370640625 0.719981646875 0.5860916671874999 0.7256130203125 0.5812527953125 0.738753415625 0.5901240671875 0.761279415625 0.600608275 0.7687880812500001 0.607060140625 0.7687880812500001 0.61109254375 0.757525190625 0.61109254375 0.7256130203125
2 0.5280251046875 0.6955782109374999 0.5312509796875 0.680560803125 0.5312509796875 0.6580346593749999 0.5312509796875 0.6486487750000001 0.519153771875 0.6448945515625 0.510282503125 0.6448945515625 0.507863096875 0.6448945515625 0.4932445875 0.65024630625 0.4933464265625 0.6843151015625 0.50141123125 0.6955782109374999 0.5110889703125 0.6974553609374999 0.5280251046875 0.6955782109374999
2 0.6917405765625 0.699332578125 0.6998053796875 0.6861923203125 0.7022248453125 0.6749292171875 0.7086767140625 0.6486487750000001 0.700611909375 0.6467715578125001 0.6885147046875 0.6524031421875 0.6844823046874999 0.6524031421875 0.6756109703125001 0.6524031421875 0.6691591015625 0.6542804359375001 0.6626335765625 0.6619751359375 0.6635137656250001 0.680560803125 0.673998034375 0.6937009859375001 0.6860952390625 0.699332578125 0.6917405765625 0.699332578125
2 0.700611909375 0.9095764484375 0.700611909375 0.9020677140625001 0.696579509375 0.8908046796875 0.6925471046875 0.8851730890624999 0.682869365625 0.8926818296875 0.6807823984375 0.91766361875 0.696579509375 0.9208394890625 0.700611909375 0.918962340625 0.700611909375 0.9095764484375
2 0.8352940999999999 0.7256130203125 0.8248098296874999 0.7087184625 0.8159386234375001 0.7049640953125 0.8030348859374999 0.7124727625 0.79738955 0.7349989046875 0.7998090140625 0.757525190625 0.8128654796875001 0.7651888375 0.8231968953125 0.7687880812500001 0.832874634375 0.7537706796875 0.8352940999999999 0.7256130203125
2 0.7893247453125001 0.719981646875 0.788518215625 0.7087184625 0.7828728796875 0.68806946875 0.7748080765625 0.680560803125 0.76432380625 0.680560803125 0.7506136671875 0.68994669375 0.7546460671874999 0.7256130203125 0.764468625 0.7346938781250001 0.7756146046875 0.7425076390625 0.783679409375 0.7425076390625 0.7893247453125001 0.719981646875
2 0.9498142843749999 0.8326122109374999 0.9304588046875001 0.8344893609374999 0.9183616000000001 0.8626470203125001 0.9352976109375 0.877664353125 0.9296522749999999 0.8908046796875 0.9546532140625 0.8701557546875 0.9498142843749999 0.8326122109374999