2 0.4646448140625 0.6912937796875 0.44574931093750003 0.6429275859375 0.41858718437500003 0.5734561265625 0.394967896875 0.488155740625 0.3713486078125 0.4283575421875 0.33237674687499996 0.445065859375 0.355996034375 0.5145373 0.39378695 0.62621925 0.4351207046875 0.744056903125 0.46700670625 0.8618945234375 0.46818765312500005 0.872447221875 0.5613464953125 0.98703296875 0.5142452843750001 0.8478243703125001 0.48590211875 0.780111690625 0.475273421875 0.744056903125 0.4646448140625 0.6912937796875
2 0.6795803890625 0.9287277968750001 0.6843041765625 0.9656620234375 0.6961138203125 1 0.753981003125 0.99819925625 0.73508568125 0.91993394375 0.706742428125 0.834633590625 0.6902089984375 0.787146765625 0.681942284375 0.788026171875 0.6701326390625 0.7968200249999999 0.6646980390625 0.8090109906249999 0.6701326390625 0.846065659375 0.6772183171874999 0.89443185625 0.6795803890625 0.9287277968750001
2 0.77287650625 0.7132784140624999 0.7657906484375 0.671067890625 0.753981003125 0.6534801828125001 0.729180859375 0.63677188125 0.7504382546875 0.7115196375 0.759885825 0.761644609375 0.7752384 0.8363923671875 0.7828140890624999 0.858461540625 0.792952865625 0.872447221875 0.7799623640625 0.8012169515625001 0.768152721875 0.7352630484375 0.77287650625 0.7132784140624999
2 0.2036516078125 0.8618945234375 0.1818986890625 0.8793406593749999 0.26033793437499997 0.97357650625 0.250890184375 0.9181752 0.23081382499999997 0.86629145 0.2036516078125 0.8618945234375
2 0.6949327828125 0.6007170765625001 0.67249453125 0.5998376890625 0.6512371359375 0.5998376890625 0.644151459375 0.6007170765625001 0.6417893859375 0.6112696921875 0.6558393359375 0.6210989015624999 0.6713134953125001 0.6191841578124999 0.6890279609375 0.6121491140625 0.6949327828125 0.6007170765625001
2 0.6287987953124999 0.5787324421875 0.6134463109375 0.5708179765625 0.60517950625 0.5629034953125001 0.59573184375 0.5558684203125 0.5886460765625 0.5549890640624999 0.58628409375 0.5593859921875 0.5969127921874999 0.5699385890625 0.6130222671875 0.584835165625 0.624075009375 0.5892850578125 0.631160778125 0.585767553125 0.6287987953124999 0.5787324421875
2 0.53432164375 0.5136579109375 0.542588446875 0.5083816125 0.54376939375 0.5057434468750001 0.5414075015625001 0.492552665625 0.5272358734375 0.480241275 0.5260549265625001 0.46968865156249995 0.5484932687499999 0.47056803125 0.5591219671875 0.47848250625000005 0.575655396875 0.480241275 0.58628409375 0.4732062078125 0.575655396875 0.45737725156250003 0.56266480625 0.43978954375 0.5319597484374999 0.4353926171875 0.4977117640625 0.43715139374999995 0.47291152968750005 0.44242771875000003 0.46228283125 0.463532946875 0.44102552656249994 0.4899145171875 0.4126823625 0.5154167234375 0.4079584875 0.5374013578125 0.42094907656249997 0.55850656875 0.47763540468750004 0.540039490625 0.511147175 0.5298901109374999 0.5130643375 0.48375881249999997 0.5213310515625 0.4951908328125 0.53432164375 0.5136579109375
2 0.753981003125 0.5268487078125 0.729180859375 0.503105296875 0.729180859375 0.5092609859375 0.7398094671875 0.5374013578125 0.751808625 0.5419780234375 0.77287650625 0.5488333421875 0.7752384 0.5444364171875 0.753981003125 0.5268487078125
2 0.4587399921875 0.890034928125 0.4551970640625 0.8759647078125001 0.44929224218749997 0.8654120765625001 0.446930346875 0.8513418921874999 0.44220647187499995 0.8504625875 0.432758721875 0.85310066875 0.43039682968750004 0.8566182250000001 0.432758721875 0.86629145 0.4351207046875 0.872447221875 0.44102552656249994 0.87420593125 0.44338741875 0.8812410749999999 0.44338741875 0.888276084375 0.44102552656249994 0.895311159375 0.4535656 0.922197803125 0.46818765312500005 0.91641645625 0.461101884375 0.9058637921875 0.4587399921875 0.8979493421875 0.4587399921875 0.890034928125
2 0.399691771875 0.81264895625 0.3914249671875 0.8029756953125 0.38433919843750003 0.80649331875 0.3819773046875 0.81704588125 0.39155467499999996 0.8287912093750001 0.399691771875 0.839030515625 0.4079584875 0.831995440625 0.4079584875 0.818804659375 0.399691771875 0.81264895625
2 0.50597856875 0.974455809375 0.5166072671874999 0.9753352484375 0.5166072671874999 0.9814909203125 0.523693034375 0.9779733640625 0.5319597484374999 0.9718176937499999 0.5319597484374999 0.9630238406249999 0.523693034375 0.9542299875 0.52015010625 0.9427979499999999 0.5095214968749999 0.9313659796874999 0.5024356390625 0.9234514984375 0.494168925 0.9155370171874999 0.49180703125 0.9155370171874999 0.48235927968750003 0.927848425 0.48235927968750003 0.9375216515625 0.4847211734375 0.941918578125 0.4847211734375 0.9515918046875 0.48073272031250003 0.961319184375 0.48708315625000004 0.9779733640625 0.49534987187499996 0.9788527374999999 0.5012546921875 0.9788527374999999 0.50597856875 0.974455809375
2 0.26860465 0.55235088125 0.2544331125 0.5242105765625 0.236718646875 0.49343205625 0.221366075 0.45962363437500003 0.2071945375 0.466658709375 0.224909003125 0.4842464171875 0.22608994999999998 0.500954753125 0.2237280578125 0.501834125 0.2119184125 0.5053516796874999 0.2119184125 0.5132661281249999 0.217823234375 0.521180609375 0.217823234375 0.5352507625 0.2355377 0.5466827984375 0.2390805390625 0.5528384703125 0.24498536249999997 0.5642705078125 0.24390961406249997 0.5771428578125 0.25797604218750003 0.587526296875 0.27450947187499997 0.587526296875 0.2768714546875 0.5752148890625 0.26860465 0.55235088125
2 0.126888921875 0.3165748078125 0.1469653703125 0.314816065625 0.1481463171875 0.303384028125 0.1363366734375 0.27876124375 0.125707975 0.1996165609375 0.13043185 0.15828544218750001 0.1469653703125 0.10728109687500001 0.174127496875 0.083537703125 0.20010877031250002 0.07474384843750001 0.20010877031250002 0.0641912515625 0.1694037125 0.0756232375 0.1375176203125 0.09936666562499999 0.1068125625 0.1248373609375 0.09500291875 0.13363122031250002 0.0890980953125 0.159133384375 0.0678407 0.1951881953125 0.058393040625 0.2488306984375 0.06665975468749999 0.288403025 0.0844529484375 0.33208791249999997 0.0997267953125 0.3350419234375 0.1044506703125 0.32536866249999996 0.126888921875 0.3165748078125
2 0.7279998234375 0.40539275156250004 0.7185520703125 0.37373485781250004 0.706742428125 0.348232703125 0.69729485625 0.3218511421875 0.69729485625 0.30778095625 0.691390034375 0.29283143125 0.6795803890625 0.2998665078125 0.6772183171874999 0.300745878125 0.6701326390625 0.28579632187500004 0.6595038515625 0.28139939375 0.653599028125 0.2646910921875 0.6500562796875 0.2585353890625 0.644151459375 0.252379684375 0.6382466359375 0.2409476796875 0.6323417234375001 0.2277569 0.62997983125 0.21368674687500003 0.62997983125 0.23479197499999999 0.6358845625 0.2550178328125 0.644151459375 0.2805200234375 0.6500562796875 0.291952025 0.653599028125 0.30426343437500003 0.6559611015625 0.328886284375 0.6606848890625 0.3447151484375 0.6618659250000001 0.3596647734375 0.6642278171875 0.3728555546875 0.667770746875 0.384287490625 0.6701326390625 0.4036340421875 0.67367556875 0.41330720000000004 0.6760374609375 0.43705061093750003 0.6760374609375 0.4476032765625 0.68832125 0.464370990625 0.6961138203125 0.43705061093750003 0.706742428125 0.42034230937499995 0.72563793125 0.42561867500000006 0.7279998234375 0.40539275156250004