2 1 0.8480000000000001 0.9893333328124999 0.834 0.9586666671874999 0.825 0.9306666671875 0.8089999999999999 0.9119999999999999 0.807 0.9093333328125001 0.8140000000000001 0.9133333328125 0.818 0.9800000000000001 0.857 1 0.8640000000000001 1 0.8480000000000001
2 0.8039999999999999 0.77 0.8426666671874999 0.786 0.9093333328125001 0.8029999999999999 0.9306666671875 0.796 0.9293333328125 0.792 0.9066666671875 0.783 0.8373333328125 0.765 0.8093333328125001 0.753 0.7613333328125 0.748 0.756 0.755 0.7653333328125 0.763 0.8039999999999999 0.77
2 0.5786666671875 0.686 0.608 0.692 0.6453333328124999 0.716 0.6679999999999999 0.72 0.696 0.714 0.6933333328125 0.708 0.6746666671875 0.6980000000000001 0.6053333328125 0.669 0.5426666671875 0.646 0.524 0.645 0.5173333328124999 0.651 0.5266666671875 0.6599999999999999 0.5786666671875 0.686
2 0.5973333328125 0.337 0.588 0.34700000000000003 0.5626666671875 0.34700000000000003 0.5293333328125 0.364 0.5026666671875 0.369 0.45866666718750004 0.385 0.3493333328125 0.409 0.31466666718749997 0.41 0.2813333328125 0.398 0.27599999999999997 0.40099999999999997 0.2906666671875 0.41500000000000004 0.2986666671875 0.417 0.3546666671875 0.417 0.3906666671875 0.413 0.46266666718750005 0.397 0.5493333328125 0.371 0.5733333328125 0.354 0.6226666671875 0.34500000000000003 0.6679999999999999 0.325 0.7786666671875 0.28700000000000003 0.8026666671875 0.273 0.8293333328125 0.266 0.808 0.265 0.6519999999999999 0.316 0.64 0.324 0.5973333328125 0.337
2 0.256 0.875 0.32799999999999996 0.867 0.33199999999999996 0.8640000000000001 0.3306666671875 0.845 0.2893333328125 0.834 0.184 0.841 0.032 0.883 0.256 0.875
2 0.29333333281249996 0.9710000000000001 0.352 0.999 0.41600000000000004 1 0.3866666671875 0.968 0.352 0.944 0.2853333328125 0.9109999999999999 0.244 0.9029999999999999 0.22400000000000003 0.9099999999999999 0.22400000000000003 0.925 0.29333333281249996 0.9710000000000001
2 0.516 0.901 0.5306666671875 0.8960000000000001 0.5666666671875 0.893 0.5786666671875 0.8869999999999999 0.5373333328125 0.875 0.496 0.874 0.46666666718750005 0.8789999999999999 0.476 0.9 0.516 0.901
2 0.836 0.866 0.8693333328125 0.866 0.868 0.819 0.8 0.827 0.7066666671874999 0.8470000000000001 0.836 0.866
2 0.30923103125 0.45288599375 0.3017656375 0.4424828703125 0.2943002421875 0.4344804625 0.283635346875 0.42247685312499994 0.2687044765625 0.41767539062500003 0.25697310624999997 0.40967298281250003 0.259106053125 0.41847564843749996 0.26443850156250004 0.43608095156250004 0.27723634375 0.44408335781249997 0.2964331890625 0.45768742500000004 0.311364059375 0.45928791249999995 0.3124305328125 0.458487684375 0.30923103125 0.45288599375
2 0.9651222125000001 0.43768140781250003 0.982185946875 0.420876365625 0.982185946875 0.4120737296875 0.97258760625 0.4160749328125 0.9597897640624999 0.42407734062499997 0.94912486875 0.42407734062499997 0.934933309375 0.4452000015625 0.938459971875 0.4480845609375 0.9480583140625001 0.44488358593750005 0.9651222125000001 0.43768140781250003
2 0.2623055546875 0.8005153625 0.247374684375 0.8005153625 0.23457675937500003 0.7989149375 0.22711136562499998 0.7997151046875 0.22071244375000001 0.8061170546875 0.21093330937500002 0.8082000015625 0.23457675937500003 0.81011825625 0.2537736046875 0.8085177703124999 0.26763800312499997 0.8021158500000001 0.2623055546875 0.8005153625
2 0.480935921875 1 0.504398659375 0.994973875 0.500132684375 0.9773685437499999 0.48413534062499997 0.9661651609374999 0.4756034734375 0.9661651609374999 0.45427368125 0.9741675687500001 0.41226664218750003 0.9832000015625001 0.4340103625 0.9965743312500001 0.4489412328125 1 0.480935921875 1
2 0.5470582421875 0.9661651609374999 0.5395928484375 0.9589630437500001 0.514933309375 0.9602000015625001 0.5235955046874999 0.9685659078125 0.5331938453125 0.9669654515625 0.5470582421875 0.9661651609374999
2 0.6217125953125 0.970166365625 0.633443884375 0.9717668828124999 0.63877633125 0.9717668828124999 0.6526407296875 0.9741675687500001 0.664372178125 0.9613637296875 0.6718375734375 0.9597632718750001 0.6579731765625 0.95576206875 0.6355768312500001 0.9493601187499999 0.60678164375 0.9461591437499999 0.5895999765625 0.9582000015625001 0.60251566875 0.9637644765625 0.61104761875 0.9661651609374999 0.6217125953125 0.970166365625