2 0.7921875 1 0.725 0.8671875 0.6890625 0.821875 0.6578125 0.7546875 0.6171875 0.6890625 0.6015625 0.653125 0.5859375 0.5859375 0.5578125 0.53125 0.534375 0.5109375 0.51875 0.4546875 0.4734375 0.4078125 0.446875 0.3453125 0.4 0.3078125 0.3546875 0.225 0.2796875 0.1390625 0.275 0.140625 0.275 0.153125 0.2921875 0.2078125 0.2796875 0.2046875 0.25 0.175 0.2078125 0.159375 0.165625 0.1109375 0.1484375 0.1015625 0.176169503125 0.1483320734375 0.125 0.115625 0.1359375 0.1421875 0.146875 0.15 0.1421875 0.1578125 0.0703125 0.175 0.0671875 0.190625 0.01875 0.2296875 0.0296875 0.2328125 0.0640625 0.221875 0.1515625 0.178125 0.203125 0.1875 0.2015625 0.2171875 0.24375 0.2265625 0.284375 0.2265625 0.284375 0.253125 0.3171875 0.2640625 0.3328125 0.278125 0.3484375 0.303125 0.3546875 0.3328125 0.396875 0.378125 0.396875 0.3921875 0.4296875 0.4171875 0.4359375 0.44375 0.4578125 0.4671875 0.4875 0.51875 0.4953125 0.54375 0.55625 0.615625 0.578125 0.6828125 0.628125 0.75 0.64375 0.7859375 0.7 0.8578125 0.7703125 0.9875 0.78125 1 0.7921875 1
2 0.965625 0.9421875 0.96875 0.9625 0.9734375 0.9703125 0.98125 0.9703125 0.9796875 0.9484375 0.965625 0.9109375 0.9546875 0.9015625 0.95 0.884375 0.9421875 0.88125 0.9375 0.8609375 0.9296875 0.859375 0.934375 0.884375 0.9421875 0.8890625 0.946875 0.909375 0.965625 0.9421875
2 0.9296875 0.859375 0.925 0.83125 0.9171875 0.825 0.903125 0.7828125 0.88125 0.75 0.875 0.7296875 0.865625 0.7234375 0.8625 0.709375 0.8515625 0.7046875 0.85 0.690625 0.84375 0.6875 0.84375 0.6984375 0.9046875 0.8125 0.9203125 0.8546875 0.9296875 0.859375
2 0.753125 0.5515625 0.76875 0.584375 0.803125 0.6265625 0.8203125 0.6625 0.828125 0.6640625 0.8109375 0.6203125 0.803125 0.615625 0.759375 0.540625 0.7125 0.4890625 0.6859375 0.440625 0.646875 0.4 0.6375 0.4 0.6796875 0.45625 0.690625 0.4625 0.71875 0.5109375 0.753125 0.5515625
2 0.096875 0 0.0953125 0.0140625 0.1265625 0.0109375 0.1390625 0.028125 0.1703125 0.0296875 0.228125 0.059375 0.3390625 0.1328125 0.4109375 0.1859375 0.4421875 0.21875 0.5234375 0.284375 0.5796875 0.334375 0.5828125 0.34375 0.590625 0.3453125 0.5921875 0.3546875 0.625 0.3859375 0.621875 0.3734375 0.5453125 0.2890625 0.4796875 0.2359375 0.459375 0.2125 0.4 0.1703125 0.38125 0.15 0.35 0.1328125 0.33125 0.1125 0.190625 0.015625 0.1328125 0 0.096875 0
2 0.6984375 0.29375 0.8578125 0.6234375 0.8953125 0.684375 0.9484375 0.809375 0.96875 0.85 0.9828125 0.8640625 0.9890625 0.890625 0.9890625 0.84375 0.9640625 0.8015625 0.925 0.7125 0.9 0.6734375 0.8703125 0.5984375 0.6359375 0.125 0.6109375 0.09375 0.6046875 0.1109375 0.6171875 0.14375 0.6984375 0.29375
2 0.6421875 1 0.4203125 0.74375 0.2578125 0.546875 0.2421875 0.5171875 0.2328125 0.5171875 0.221875 0.5296875 0.2265625 0.5453125 0.546875 0.9296875 0.6109375 1 0.6421875 1
2 0.9296875 1 0.928125 0.9890625 0.915625 0.978125 0.8671875 0.95 0.7453125 0.85625 0.7140625 0.840625 0.6859375 0.8140625 0.528125 0.7015625 0.465625 0.65 0.3546875 0.5765625 0 0.31875 0 0.34375 0.171875 0.475 0.2703125 0.5390625 0.328125 0.5890625 0.540625 0.740625 0.6875 0.8375 0.7234375 0.871875 0.79375 0.9140625 0.8875 0.9890625 0.90625 1 0.9296875 1
2 0.6734375 0 0.834375 0.4140625 0.921875 0.6734375 0.9296875 0.6796875 0.9390625 0.671875 0.940625 0.6578125 0.8859375 0.4828125 0.6984375 0 0.6734375 0
2 0.3953125 1 0.203125 0.809375 0 0.5828125 0 0.6125 0.0828125 0.7140625 0.19375 0.83125 0.3578125 0.99375 0.365625 1 0.3953125 1
2 1 0.5015625 0.9609375 0.3125 0.9 0.075 0.8875 0.0671875 0.878125 0.071875 0.878125 0.08125 1 0.5734375 1 0.5015625