3 0.1875 0.528125 0.3 0.6359375 0.46666666718750005 0.775 0.48125 0.79375 0.4916666671875 0.7953125 0.43541666718750005 0.7109375 0.2958333328125 0.5421875 0.2166666671875 0.471875 0.14791666718750002 0.45 0.125 0.4609375 0.1208333328125 0.484375 0.1875 0.528125
3 0.6871708562500001 0.4269873203125 0.8228627234375001 0.387689771875 1 0.339461034375 0.8704738640624999 0.351964740625 0.8109599359375 0.35910977499999996 0.7395432234375 0.3841173234375 0.5690475640625 0.42232142968749997 0.45387636875000004 0.491292415625 0.5205318578125 0.48057486562499996 0.6871708562500001 0.4269873203125
3 0.5371958671875 0.503796121875 0.6038513578125 0.503796121875 0.7109764296875001 0.503796121875 0.7324014796875 0.5127273796875 0.7324014796875 0.491292415625 0.7014543453125001 0.47878864062500004 0.6562237234375 0.4823611578125 0.5824264890624999 0.47521612500000004 0.46101793124999996 0.503796121875 0.38722069531250003 0.539521153125 0.48006246093750005 0.5216586375000001 0.5371958671875 0.503796121875
3 0.058703920312500005 0.45735360937499997 0.09917332031250001 0.5288036703125 0.09917332031250001 0.5681012187500001 0.1229788921875 0.537734928125 0.10869558593749999 0.4841473828125 0.0777482703125 0.3787585140625 0.0958332796875 0.2928571453125 0.0658454828125 0.339461034375 0.0444204328125 0.39483480625 0.058703920312500005 0.45735360937499997
3 0.258670575 0.8146039843749999 0.34437077656250004 0.8378251734375001 0.3967429609375 0.8556876890625 0.489584725 0.862832721875 0.48720420468750003 0.8485426546875001 0.4348318375 0.834252725 0.3824596546875 0.8146039843749999 0.32770676875000004 0.79852769375 0.2420067484375 0.780665178125 0.1523808984375 0.741517859375 0.1682095125 0.80031391875 0.2134401359375 0.8110314000000001 0.258670575 0.8146039843749999
3 0.32056520625 0.10724836874999999 0.3372290328125 0.0822407859375 0.3586540828125 0.03937075625 0.3181845015625 0.0554470140625 0.2824761453125 0.0840270453125 0.2539095328125 0.1358283328125 0.2562900546875 0.189415878125 0.2634317984375 0.23764468437500003 0.2803570875 0.23928571562499998 0.28961788906249997 0.1858433625 0.3181845015625 0.15726333125 0.3181845015625 0.1429734 0.32056520625 0.10724836874999999
3 0.5395763875 0.43949109374999995 0.6633652859375 0.35732355 0.76334879375 0.2965909703125 0.67288755 0.3323160015625 0.5848070109375 0.37697229062500004 0.5133902953125 0.41984235468750003 0.41102626718749996 0.493078640625 0.31607137500000004 0.5450892875 0.3753179109375 0.550238703125 0.44197358124999997 0.5073686390625001 0.5395763875 0.43949109374999995
3 0.32056520625 1 0.43007079531250003 0.9842978812500001 0.48720420468750003 0.94857285 0.32770676875000004 0.9717940390625 0.1999999453125 1 0.32056520625 1
3 0.8990404765625 0.5984675078125 1 0.61275750625 0.9537933640625 0.5913226109374999 0.8776156078125 0.5806049921875001 0.7942961078125 0.5734600953125 0.7386904203125 0.5808035734375 0.8014378546875 0.6038262484375 0.8276237640625 0.5984675078125 0.8990404765625 0.5984675078125
3 0.0420399125 0.003645725 0 0.0000732765625 0.030137126562499998 0.09117204375 0.0706067078125 0.1858433625 0.1372621984375 0.2912322296875 0.18511899375000002 0.3218750015625 0.1372621984375 0.16440836406249998 0.08965105625 0.0893858546875 0.053942698437500006 0.009004534375000001 0.0420399125 0.003645725
3 0.48244298125 0.6341925390625 0.3458332796875 0.583035715625 0.47768193906249995 0.6466962453125 0.5824264890624999 0.6538414140625 0.48244298125 0.6341925390625
3 0.5443374296875 0.318026003125 0.2919984109375 0.37697229062500004 0.1523808984375 0.44464285937500003 0.28723736875 0.43055983593749997 0.3753179109375 0.38233103125 0.5443374296875 0.318026003125
3 0.6205153671875 0.8949853046875 0.55385969375 0.9289239734375 0.4589285171875 0.9982142875 0.4848235015625 1 0.5633819578125 0.9592903328125001 0.6205153671875 0.8949853046875
3 0.7871543640625001 0.8324665 0.8133406390625 0.7431539921875 0.8347655078124999 0.65920001875 0.79191540625 0.7628025953125 0.7443042640625 0.861046496875 0.6970237546875 0.9937500015625 0.7276404375000001 1 0.7681098359375 0.9521452984375 0.7871543640625001 0.8324665