3 0.2420808265625 0.6610067515625 0.239353325 0.6580968296874999 0.2366258234375 0.650094378125 0.25026333125 0.638454496875 0.2600823546875 0.6420919546875 0.2666283421875 0.638454496875 0.2851753640625 0.622449678125 0.2906303671875 0.6188122203125 0.2824478625 0.620267209375 0.29826738124999996 0.607899846875 0.31681440156249996 0.59771498125 0.33208838749999997 0.587530090625 0.3539084015625 0.5737077671875 0.324451415625 0.5868026093750001 0.2808113859375 0.6122648125000001 0.258991371875 0.6275421234375 0.2398988578125 0.6406369656249999 0.234989346875 0.6508218593749999 0.234989346875 0.6413644734374999 0.230079834375 0.6493668703125001 0.22462483125000002 0.6617342875000001 0.21807884375 0.671191615625 0.2120783265625 0.6806490000000001 0.20607781093750002 0.697381328125 0.20280481562500002 0.7082937015625 0.222442821875 0.6981088640625 0.25135435781250004 0.6842864578125 0.2666283421875 0.67846653125 0.2769928578125 0.673374084375 0.284629871875 0.6653717453125 0.276447365625 0.669009203125 0.2704468703125 0.672646659375 0.26280985625 0.6748290734375 0.25571833593750004 0.67701154375 0.25189985 0.67701154375 0.26185623750000003 0.664940559375 0.252472196875 0.6701818187499999 0.2770136890625 0.6520897453125001 0.2791748671875 0.650094378125 0.287902865625 0.6428194625 0.2835388875 0.6377270171875 0.276447365625 0.6399094859375001 0.26280985625 0.648639390625 0.24862685624999997 0.6588242546874999 0.2420808265625 0.6610067515625
3 0.35881791406249997 0.589712559375 0.3408164265625 0.6006249312499999 0.32772440937499997 0.6086273546875 0.33699789999999996 0.59771498125 0.32772440937499997 0.6042623890625001 0.32117837968749996 0.607899846875 0.31190489062500004 0.6115373046875 0.30154037499999997 0.6173572593750001 0.2922668859375 0.622449678125 0.296085371875 0.6289971125 0.30481336875 0.6231771859374999 0.30099488281250003 0.6304521015625 0.2968014609375 0.6429090921875 0.3206328875 0.6275421234375 0.334270396875 0.6173572593750001 0.3451804046875 0.6042623890625001 0.35881791406249997 0.589712559375
3 0.342452903125 0.6333620515625 0.34790790625 0.6246321734375 0.338088925 0.62826963125 0.33263392187499996 0.6304521015625 0.33263392187499996 0.6253596546875 0.3249969078125 0.6304521015625 0.31589714375 0.6383636375 0.31299587500000003 0.6537318359375 0.32990641875 0.6420919546875 0.342452903125 0.6333620515625
3 0.3566359046875 0.626087134375 0.351726434375 0.6275421234375 0.3446349125 0.6610067515625 0.33372490625 0.718478565625 0.3217239140625 0.7832253234375 0.318450878125 0.82469231875 0.3228148984375 0.8115975046875 0.3293608859375 0.8028675734374999 0.32881539375 0.8108700234375 0.32612697343749997 0.8374545453125 0.33699789999999996 0.8065050296875 0.3468169234375 0.732300915625 0.3566359046875 0.626087134375
3 0.2617188734375 0.6850139656249999 0.254081859375 0.6981088640625 0.2579003453125 0.685741446875 0.25026333125 0.701746321875 0.24371734374999998 0.7068387125 0.25026333125 0.69447140625 0.254081859375 0.6864689546875 0.2398988578125 0.6930163625 0.23389832031250002 0.69519883125 0.21426031562499998 0.7206610343750001 0.191894809375 0.7635830734375 0.1744387921875 0.79632019375 0.167892784375 0.8108700234375 0.1668017796875 0.8254198546874999 0.17881741874999998 0.8192727281250001 0.216442325 0.7570356390625 0.2377168484375 0.727208525 0.25189985 0.7097486625 0.2617188734375 0.6850139656249999
3 0.48046451250000005 0.69228888125 0.4777370109375 0.687196490625 0.46846347968749996 0.687196490625 0.478282503125 0.6813765093749999 0.489738003125 0.6755565812500001 0.47009999843749994 0.67410159375 0.44118846093749997 0.67701154375 0.40463995312499995 0.6915613734375 0.3779104265625 0.702473746875 0.42155045625 0.6981088640625 0.44664346562499996 0.6981088640625 0.466827003125 0.7010187859375 0.48639431406250005 0.7074545453125001 0.4946475140625 0.7010187859375 0.4870105015625 0.6988362890625 0.486465009375 0.69228888125 0.48046451250000005 0.69228888125
3 0.1924403015625 0.40754431249999995 0.202259303125 0.400269396875 0.215351340625 0.3864470734375 0.231716353125 0.3755347015625 0.2148058078125 0.3733522046875 0.2011683203125 0.36607728906250003 0.1924403015625 0.3740797125 0.1728022953125 0.393721990625 0.1482547796875 0.4228216515625 0.15480078749999998 0.4213666625 0.164619790625 0.4213666625 0.1722567828125 0.4104542890625 0.17934830468750002 0.40245186562499996 0.1902583125 0.39008453125 0.1992770796875 0.3847272734375 0.18862179375000002 0.4009969046875 0.1908038046875 0.40317937343750004 0.1924403015625 0.40754431249999995
3 0.17934830468750002 0.4250041203125 0.1924403015625 0.40608932343750004 0.1689837890625 0.42427661250000004 0.1553462796875 0.43227903437500004 0.1482547796875 0.43518898437500003 0.13679925937499998 0.4482838546875 0.1258892515625 0.4679261046875 0.11334650625 0.49018181875 0.1209797609375 0.481748509375 0.1335262640625 0.45774123906249997 0.152618778125 0.4424639 0.17934830468750002 0.4250041203125
3 0.23608033125 0.3566199046875 0.24971784062500002 0.34570753125000003 0.212916853125 0.3674545453125 0.23608033125 0.3566199046875
3 0.31681440156249996 0.3006030515625 0.279720359375 0.3311577015625 0.2517902078125 0.35018181875 0.26390084062499997 0.34279758125000004 0.2491723484375 0.3638948203125 0.2944488953125 0.3253377734375 0.31681440156249996 0.3006030515625
3 0.5797455640625 0.7253213640625 0.5628350609375 0.75223855625 0.53828754375 0.7871581437499999 0.5235590515624999 0.8286251671875 0.5175585125 0.8708196703125 0.5159220375 0.88609698125 0.5266316453125001 0.8738181828125 0.5361055343750001 0.8235327203124999 0.5546525546875001 0.7886131328125 0.582473065625 0.7325962796875001 0.5797455640625 0.7253213640625
3 0.36918242968750004 0.9130141734375 0.3768194421875 0.893371896875 0.38336543125 0.8737296484374999 0.37845591875 0.9021018015625 0.3746374328125 0.9210165984375 0.37736493437499996 0.9188341015624999 0.3893659265625 0.8970093546875001 0.3997304421875 0.8664547312499999 0.40954946562499994 0.8315351171875 0.4122769671875 0.8111653593750001 0.4259144765625 0.7878856234375 0.43300595625 0.7791557484375 0.43300595625 0.775518290625 0.4237324671875 0.7791557484375 0.41609545312499996 0.7813382171875001 0.40791294687499996 0.8002529859375 0.39918495 0.8140753359374999 0.3871839578125 0.8359000812499999 0.3735464484375 0.8613622859375001 0.3713644390625 0.8759121171875 0.3643183390625 0.9038181828124999 0.3735464484375 0.88318703125 0.38063792812499997 0.8635447546874999 0.37027341406250003 0.8999193875 0.36918242968750004 0.9130141734375
3 0.4237324671875 0.763878409375 0.43524516249999995 0.7647272734375 0.44337047187499995 0.7347787484375 0.4373699765625 0.7340512546875 0.42645996875 0.7573310015625 0.4237324671875 0.763878409375
3 0.8132197390625 0.9047163875 0.8192202765625 0.9054439234375 0.80885571875 0.8734342843749999 0.8044917 0.8086875265625 0.8006732140624999 0.77740536875 0.7886722234375 0.735210865625 0.790854190625 0.7599456171875001 0.7799441828125 0.7373933625 0.7739437296875 0.7308459828125 0.7707835921874999 0.7583636375 0.7848537359375001 0.78686278125 0.79576374375 0.8326947703125 0.8061282171874999 0.88143668125 0.8132197390625 0.9047163875
3 0.2049868046875 0.9246540546875 0.1826212984375 0.926109015625 0.18207580625 0.9297464734374999 0.1875308109375 0.9333839312500001 0.1946223109375 0.9333839312500001 0.20771430624999998 0.9333839312500001 0.2011683203125 0.9348389203125 0.22898885 0.9348389203125 0.2409898421875 0.9348389203125 0.250808865625 0.940658846875 0.27153785468749997 0.9472063374999999 0.27975174375 0.9447272734375 0.2786293765625 0.9377488968750001 0.238262340625 0.9275640046875001 0.2049868046875 0.9246540546875
3 0.2011683203125 0.9457512937500001 0.18207580625 0.9457512937500001 0.1657107953125 0.9479337624999999 0.1651652828125 0.9522987281249999 0.1760752890625 0.958118709375 0.1940767984375 0.9603011234375 0.212916853125 0.961090909375 0.24044435000000003 0.964666090625 0.22353384687500003 0.9573911734375 0.21098732187499997 0.9537537171875 0.2011683203125 0.9457512937500001
3 0.19353130624999998 0.7340512546875 0.2017138109375 0.7209564390625001 0.2088053125 0.6853093296874999 0.2355348390625 0.6329299328125 0.21698781718750002 0.66202959375 0.1897127984375 0.7129540015625 0.1782573 0.74132616875 0.161346775 0.77042584375 0.15698277656249998 0.8126203484375001 0.13994406406249998 0.8774545453125 0.1575282890625 0.843902478125 0.1760752890625 0.7798832296875 0.19353130624999998 0.7340512546875
3 0.8050372343750001 0.482475934375 0.8050372343750001 0.4861133921875 0.8214022453125001 0.4882958890625 0.8323122515625 0.47229107031249995 0.8192202765625 0.4671986796875 0.795218209375 0.45701373125 0.7897632078125 0.46210617656249997 0.7815807015625 0.46137869687500005 0.7597606859375 0.45483126250000006 0.7755802468749999 0.46283368437499994 0.79576374375 0.4701086015625 0.8048830265625 0.4738181828125 0.815947240625 0.482475934375 0.81267420625 0.482475934375 0.8050372343750001 0.482475934375
3 0.7695797093750001 0.47229107031249995 0.7871513203125 0.48109090937500004 0.794672759375 0.47592852656250006 0.7717616781250001 0.4686536125 0.7695797093750001 0.47229107031249995
3 0.7739437296875 0.8748892453125 0.8132197390625 0.893076534375 0.7848537359375001 0.874161765625 0.7728527453125 0.8654318890624999 0.7575787171874999 0.8581569734375 0.7439412078125 0.850882059375 0.7204846765624999 0.8472446015624999 0.6877546546875 0.8530645 0.655570165625 0.8581569734375 0.6681166078125 0.8617944312500001 0.6888456390625 0.8574294374999999 0.6992101953125001 0.8559744765625 0.693718871875 0.8701818187500001 0.7144841390625001 0.8588844546875001 0.7324856671875 0.8574294374999999 0.7532146984375 0.86688685 0.7739437296875 0.8748892453125
3 0.7935816921875001 0.836332228125 0.7875812390625 0.8101424875 0.7557798421874999 0.8483636375 0.7521237140625 0.84797208125 0.7761256984375 0.8654318890624999 0.7935816921875001 0.836332228125
3 0.4755550015625 0.8468124546875 0.49573849843750006 0.875184609375 0.5186495390625 0.8782843609375 0.5186495390625 0.8759121171875 0.5186495390625 0.8664547312499999 0.520286015625 0.8533598625 0.5099215421875 0.855542359375 0.48046451250000005 0.8489949250000001 0.4755550015625 0.8468124546875
3 0.5235590515624999 0.8737296484374999 0.5196075015625 0.87841396875 0.5333780328125 0.8802770546875 0.5682329546875 0.8620000015624999 0.5726540421874999 0.8497224046875 0.5546525546875001 0.8489949250000001 0.5333780328125 0.8519049015625001 0.5306505296874999 0.8591798171875 0.5235590515624999 0.8737296484374999
3 0.45209846875000004 0.3331925015625 0.45209846875000004 0.32373511875 0.4428249796875 0.349197321875 0.43900649375 0.3717496046875 0.4324604640625 0.41030659375 0.42645996875 0.42558390468749996 0.43409698125 0.42485642500000004 0.44500698906249997 0.4073966453125 0.4543408453125 0.3756363640625 0.4564624890625 0.3557447296875 0.4564624890625 0.34410487500000003 0.44991650156249996 0.3550172484375 0.45209846875000004 0.3331925015625
3 0.63593211875 0.3826619765625 0.6201126421875001 0.37102206875 0.623931128125 0.3768419953125 0.6316579015625 0.3856363640625 0.6452056078124999 0.4073966453125 0.64902409375 0.40157669062499995 0.63593211875 0.3826619765625
3 0.7423046906249999 0.885221834375 0.7384862046875 0.9070465796875 0.7619177390625 0.9256363640625 0.791399725 0.9150489765625001 0.7875812390625 0.9143214953125 0.7423046906249999 0.885221834375
3 0.4177319703125 0.89555439375 0.411731475 0.9006468125 0.39645744843749997 0.9348389203125 0.3860929328125 0.9573911734375 0.393184453125 0.966848559375 0.40114572812500005 0.9529090921875 0.420459471875 0.921744134375 0.4210049640625 0.9122866937499999 0.41391344375 0.9115591843749999 0.4177319703125 0.89555439375
3 0.7090291343749999 0.099520034375 0.6910276890625 0.082060228125 0.6741171453125 0.07042037343749999 0.664298121875 0.06823790468749999 0.6381140875 0.064600446875 0.62284014375 0.063145459375 0.5993836109374999 0.0464131734375 0.616294071875 0.0638729390625 0.6484786437500001 0.07551282031249999 0.662116153125 0.08642519374999999 0.6787151203125 0.0929090921875 0.6866636703125 0.09661005781250001 0.710665653125 0.1053399625 0.7090291343749999 0.099520034375
3 0.623931128125 0.9959482203125001 0.6190215734375 0.995220740625 0.62938613125 0.9733959656250001 0.6304771140625001 0.96248359375 0.6299315812499999 0.9573911734375 0.6272040796875 0.958846134375 0.6272040796875 0.9639385812500001 0.621749075 0.964666090625 0.609202634375 1 0.6309759125000001 0.999272728125 0.6375686375 0.9683035468750001 0.636477653125 0.9552086781250001 0.6304771140625001 0.9741234734375 0.623931128125 0.9959482203125001
3 0.6479331109375 0.9275640046875001 0.6506606125000001 0.925381590625 0.6479331109375 0.9151966437500001 0.6419326562500001 0.9115591843749999 0.6316579015625 0.941090909375 0.6397506046875 0.9268365234375 0.6452056078124999 0.9268365234375 0.6479331109375 0.9275640046875001
3 0.7303037 0.7631509296875 0.723212178125 0.7864306640625001 0.710120203125 0.8155303249999999 0.6997556453125 0.8409925296875 0.695391625 0.8475399359375 0.715542509375 0.8429090921875 0.7335766515625 0.8104378796875 0.7450321921875 0.77479078125 0.743395675 0.766060878125 0.7303037 0.7631509296875
3 0.592837621875 0.3361024515625 0.5742905609375 0.3193701515625 0.5475610343749999 0.2888155015625 0.53828754375 0.28517804375 0.5306505296874999 0.29318046875000003 0.5306505296874999 0.306275309375 0.5389074421875 0.3147272734375 0.556834565625 0.3259175875 0.5770180625 0.34046741875 0.5857461015625 0.3528347796875 0.592837621875 0.3361024515625
3 0.54483353125 0.23643613437500002 0.5535615703125 0.242983540625 0.5753815453125 0.2517134453125 0.5677445718749999 0.23643613437500002 0.5579255484375001 0.23352615625 0.5459245578125 0.2277062296875 0.539378528125 0.23207116874999997 0.5268320453124999 0.2306161796875 0.5055575218749999 0.22479625312499998 0.5028300203125 0.2349811453125 0.5034440296875 0.24200000156249998 0.5142855203125001 0.23789109531250002 0.5301050375 0.23643613437500002 0.54483353125 0.23643613437500002
3 0.3260878921875 0.4001217296875 0.320087396875 0.38920935624999997 0.3260878921875 0.38920935624999997 0.3206328875 0.38047945156249996 0.3124503828125 0.3695670796875 0.29717639687499997 0.3571997734375 0.2808113859375 0.3455598640625 0.2759018734375 0.3433773671875 0.2606560609375 0.3574545453125 0.27262888125 0.36156465625 0.2922668859375 0.37611448593749996 0.31081390625 0.3884818484375 0.3260878921875 0.4001217296875
3 0.22789782500000003 0.30991276874999996 0.21753330937499998 0.30191037187499997 0.238150434375 0.33472727343750003 0.2491723484375 0.3455598640625 0.2649918671875 0.33755744062500004 0.2409898421875 0.320097659375 0.22789782500000003 0.30991276874999996
3 0.20607781093750002 0.623904665625 0.191894809375 0.652276846875 0.1842577953125 0.6580968296874999 0.1849553171875 0.6874545453125 0.2033503078125 0.64791188125 0.2148058078125 0.61444728125 0.225715815625 0.5882575984375 0.20607781093750002 0.623904665625
3 0.570472075 0.9303262875 0.5502885359375 0.948513575 0.5366510265625 0.955788490625 0.5301050375 0.9616084453125 0.527923028125 0.9383286828124999 0.52410454375 0.9310537671875 0.521377040625 0.9565159703124999 0.5219225328125 0.965245903125 0.5246500359375 0.9703383203125 0.5333780328125 0.9761582765625001 0.5426515640625 0.97252081875 0.5498192609375 0.9683636375000001 0.569926540625 0.9543335296875 0.588473603125 0.9332362640625 0.58738261875 0.9194139140625 0.570472075 0.9303262875
3 0.6533881140625 0.8132001609374999 0.6255676453125 0.7935579390624999 0.621749075 0.7979228218750001 0.6250221125000001 0.8081077703125 0.6321136328125 0.81829260625 0.6457511421875 0.8292049796875001 0.675305178125 0.851090909375 0.6943006421875 0.8503022187499999 0.67793563125 0.8357523875 0.6533881140625 0.8132001609374999
3 0.4881015265625 0.4583210234375 0.5050120296875 0.469233396875 0.53501455 0.47941829062499997 0.5475610343749999 0.47650831250000003 0.5513795609375001 0.4706884140625 0.5415605375 0.465595940625 0.5251955265625 0.45759354375 0.51264904375 0.44740865156250004 0.490829028125 0.4430437125 0.47664598593749996 0.4401337359375 0.4630084765625 0.4372238140625 0.44555248125 0.43213134062499997 0.43524516249999995 0.43018181875000006 0.4630084765625 0.445226209375 0.47391848437500006 0.45177364531249997 0.4881015265625 0.4583210234375
3 0.7046651984375 0.323007609375 0.7068471671875 0.2968179265625 0.7041196656250001 0.3048203203125 0.70357413125 0.28808802187500004 0.694846175 0.3084577796875 0.693755190625 0.3477423328125 0.6866636703125 0.41176160937499995 0.679026615625 0.44740865156250004 0.6773901796875 0.48087330625 0.6850271515624999 0.5070629906249999 0.682845184375 0.4801457703125 0.6839361687500001 0.44086127187499996 0.6932096578125 0.4030316796875 0.7052106484375 0.3601096953125 0.7128145546875 0.34018181875 0.701937696875 0.3411948984375 0.7073927 0.316460203125 0.7046651984375 0.323007609375
3 0.7984912453125 0.240801071875 0.7870357046875001 0.2844505640625 0.7816954109375 0.40200000156250004 0.7930362421875 0.34701482499999997 0.8006732140624999 0.2699007328125 0.8115832218750001 0.189149184375 0.7984912453125 0.240801071875
3 0.6259170015625 0.60562765625 0.618416371875 0.626633959375 0.6094156390625 0.6466399765624999 0.5899139546875001 0.6766490015625 0.5726625390625 0.694654409375 0.5606614859375 0.6996559140625 0.5809132203125 0.703657209375 0.6050262390625 0.7015000015624999 0.6326675234375 0.6556426984375 0.634917734375 0.6246333500000001 0.6326675234375 0.6086285515625 0.6259170015625 0.60562765625
3 0.9506943078125 0.9531381874999999 0.9184415749999999 0.9561391578125 0.90269020625 0.9581396906249999 0.9109409453125 0.9651418046875 0.9049404171875001 0.9751448125 0.9124410484375 0.9751448125 0.892939478125 0.9801463171875 0.9184415749999999 0.9931502203125 0.9746963015624999 0.9671423765625 1 0.9551387953124999 0.9911976640625 0.9551387953124999 0.9506943078125 0.9531381874999999
3 0.46315329375000003 0.8947146203124999 0.4789046625 0.8316956359375001 0.4811548171875 0.8036872562499999 0.4976562390625 0.7306652640625 0.48640529375 0.771677584375 0.48265497812499997 0.7926838875 0.47215408437499995 0.8086887624999999 0.466903609375 0.8336962828125 0.457152825 0.8607043765625001 0.43623404062500004 0.9065000015625 0.42339998906250004 0.928724865625 0.43990135312499995 0.9207224281249999 0.46315329375000003 0.8947146203124999
3 0.9584429640625001 0.7371664453125 0.9659435937499999 0.7061572093749999 0.9599430671875 0.7051568484375 0.943441703125 0.7111587140625 0.940441440625 0.7271634359375 0.92104274375 0.8290000015625001 0.923190025 0.8291941312500001 0.9426916515625001 0.7901823828125 0.9584429640625001 0.7371664453125
3 0.9591930734374999 0.6931532296875 0.9810577468749999 0.6727500015625 0.9966962234375 0.6171303406249999 0.9524424359375001 0.6421378625 0.943441703125 0.6931532296875 0.9591930734374999 0.6931532296875
3 0.8984379234375 0.5100981796874999 0.9344409703125001 0.5291038734375 0.9681938062500001 0.5581126125 0.9660539968749999 0.5427500015625 0.8924374531250001 0.4900921625 0.878936296875 0.484090334375 0.8706856140625 0.499094846875 0.8984379234375 0.5100981796874999
3 0.8639350359375 0.6859480734375001 0.8534341421875 0.693950434375 0.8654351390624999 0.72596010625 0.8879370296875001 0.7749748656250001 0.9079144609375 0.8227500015625001 0.9156893953124999 0.81098568125 0.8924374531250001 0.758969990625 0.8639350359375 0.6859480734375001
3 0.36938296406250004 0.523404409375 0.3573819671875 0.524404734375 0.36338249375 0.535408028125 0.36027755156249996 0.5465000015625 0.3866344359375 0.539409246875 0.3986354328125 0.52640534375 0.399385484375 0.5214038390625 0.36938296406250004 0.523404409375
3 0.106110859375 0.695659246875 0.10461075625 0.7176658734375 0.10236054375 0.74367371875 0.1099024578125 0.7352500015625 0.1121113859375 0.706662540625 0.11811185625000001 0.68165501875 0.1188619640625 0.6686511921875 0.106110859375 0.695659246875
3 0.14736432500000002 0.7416730703125001 0.167616059375 0.7326703859375 0.17211642656249998 0.7256682734375001 0.1443640609375 0.7366715671875 0.10461075625 0.74267335625 0.076858390625 0.7556772984375 0.024354007812500002 0.771682096875 0.0208176875 0.7815000015625 0.050606185937500006 0.768681240625 0.0911096 0.7556772984375 0.11736180468749999 0.752676365625 0.14736432500000002 0.7416730703125001
3 0.594401925 0.7338737531249999 0.58690129375 0.7698846453125 0.583458346875 0.8027500015625 0.6019025546875 0.7748861484375 0.6011524453125 0.7338737531249999 0.594401925 0.7338737531249999
3 0.9477195171874999 0.5178974984375 0.9688672 0.5352500015625 0.9657210968750001 0.4938903 0.9627207765625 0.47388428281249995 0.9514698312500001 0.4808863578125 0.9477195171874999 0.5178974984375