2 1 0.1078125 0.9796875 0.1078125 0.925 0.11875 0.828125 0.159375 0.7765625 0.165625 0 0.184375 0 0.265625 0.0796875 0.26875 0.40625 0.253125 1 0.2546875 1 0.1078125
2 1 0.2671875 0.9015625 0.2671875 0.6296875 0.2734375 0 0.3015625 0 0.3578125 0.6703125 0.3296875 0.825 0.33125 0.8546875 0.321875 1 0.31875 1 0.2671875
2 0 0.396875 0.81875 0.3765625 0.8421875 0.3734375 0.8484375 0.359375 0.8453125 0.334375 0.8390625 0.328125 0.7515625 0.3265625 0 0.3578125 0 0.396875
2 1 0.3703125 0.9953125 0.3703125 0 0.4109375 0 0.475 0.5078125 0.4546875 1 0.425 1 0.3703125
2 1 0.45625 0.7796875 0.45 0.7515625 0.4546875 0.73125 0.46875 0.728125 0.48125 0.8140625 0.490625 1 0.4921875 1 0.45625
2 1 0.546875 0 0.5375 0 0.6359375 0.625 0.6296875 0.940625 0.634375 1 0.628125 1 0.546875
2 1 0.6515625 0.659375 0.653125 0 0.6421875 0 0.6984375 0.4703125 0.7015625 0.6328125 0.70625 0.69375 0.715625 0.809375 0.7203125 1 0.715625 1 0.6515625
2 1 0.715625 0.9890625 0.715625 0.275 0.7375 0 0.7359375 0 0.7828125 0.41875 0.784375 1 0.7703125 1 0.715625
2 1 0.775 0.8609375 0.7859375 0.8515625 0.78125 0.821875 0.784375 0.8109375 0.7765625 0.7296875 0.775 0.4625 0.7828125 0 0.78125 0 0.840625 0.45625 0.834375 0.8484375 0.8203125 0.8875 0.815625 0.909375 0.80625 1 0.809375 1 0.775
2 0 0.878125 0.434375 0.88125 0.9484375 0.8703125 1 0.8640625 0.996875 0.8203125 0.615625 0.834375 0 0.840625 0 0.878125
2 1 0.878125 0.9734375 0.88125 0.8625 0.8734375 0.5078125 0.8859375 0.365625 0.8828125 0.003125 0.8890625 0 0.98125 0.4640625 0.975 0.521875 0.9671875 0.50625 0.9609375 0.540625 0.959375 0.553125 0.9484375 0.584375 0.9625 0.5359375 0.9671875 0.6890625 0.96875 1 0.9546875 1 0.878125