3 0.2713643171875 0.5650000000000001 0.2203898046875 0.5980000000000001 0.163418290625 0.627 0.0689655171875 0.696 0.0209895046875 0.753 0.0089955015625 0.773 0.010494753125 0.788 0.0314842578125 0.773 0.0959520234375 0.701 0.1319340328125 0.6759999999999999 0.1424287859375 0.659 0.23388305781250002 0.61 0.2803598203125 0.571 0.299850075 0.562 0.32383808125 0.532 0.36131934062500004 0.44800000000000006 0.3673163421875 0.354 0.3463268359375 0.253 0.3163418296875 0.25 0.3058470765625 0.388 0.31934032968750004 0.504 0.2713643171875 0.5650000000000001
3 0.587706146875 0.079 0.49025487187500005 0.126 0.45427286406249995 0.15 0.4167916046875 0.185 0.3313343328125 0.23900000000000002 0.335832084375 0.24100000000000002 0.3718140921875 0.221 0.42128935468749995 0.20299999999999999 0.502248875 0.152 0.584707646875 0.10900000000000001 0.5907046484375 0.11000000000000001 0.5802098953125 0.151 0.539730134375 0.236 0.535232384375 0.264 0.4467766109375 0.434 0.4287856078125 0.5650000000000001 0.4062968515625 0.633 0.4182908546875 0.633 0.4287856078125 0.61 0.4422788609375 0.562 0.45427286406249995 0.5429999999999999 0.463268365625 0.507 0.4797601203125 0.475 0.535232384375 0.319 0.59970015 0.264 0.736131934375 0.11299999999999999 0.8215892046875 0.024 0.8500749624999999 0.001 0.72713643125 0 0.7166416796874999 0.016 0.6461769109375 0.057999999999999996 0.587706146875 0.079
3 0.22638680625 0.026000000000000002 0.2203898046875 0.028000000000000004 0.2158920546875 0.041999999999999996 0.1919040484375 0.053000000000000005 0.18590704687499998 0.063 0.1919040484375 0.078 0.1949025484375 0.137 0.184407796875 0.22799999999999998 0.18590704687499998 0.281 0.17841079531249998 0.305 0.19340329843749998 0.29700000000000004 0.2173913046875 0.242 0.2323838078125 0.22599999999999998 0.2668665671875 0.10900000000000001 0.2923538234375 0.041999999999999996 0.3163418296875 0.001 0.22338830625 0 0.2323838078125 0.005 0.23388305781250002 0.012 0.22638680625 0.026000000000000002
3 0.38830584687499997 0 0.44377811093749997 0.04 0.463268365625 0.046 0.4572713640625 0.057999999999999996 0.3943028484375 0.126 0.4017991 0.161 0.46026986562500005 0.10700000000000001 0.502248875 0.08 0.5337331328125 0.089 0.5427286359375 0.096 0.560719640625 0.093 0.584707646875 0.081 0.587706146875 0.026000000000000002 0.5817091453125001 0.012 0.584707646875 0 0.38830584687499997 0
3 0.6311844078125 0.764 0.6536731640625 0.8939999999999999 0.6521739125 0.961 0.635682159375 1 0.6701649171875 0.998 0.7076461765625 0.969 0.7166416796874999 0.945 0.7166416796874999 0.8640000000000001 0.6911544234375 0.736 0.6911544234375 0.701 0.686656671875 0.701 0.662668665625 0.718 0.6566716640625 0.734 0.6311844078125 0.764
3 1 0.8960000000000001 0.9835082453125 0.876 0.9655172406249999 0.829 0.9580209890625 0.826 0.9505247375 0.843 0.9520239875 0.892 0.9761199312500001 0.9604666953125 0.962518740625 0.9869999999999999 0.9460269859375 1 1 1 1 0.8960000000000001
3 0.9460269859375 1 0.962518740625 0.984 0.9700149921874999 0.9640000000000001 0.9655172406249999 0.9259999999999999 0.940029984375 0.901 0.8965517234375 0.892 0.8935532234375 0.908 0.898050975 0.9179999999999999 0.914542728125 0.9179999999999999 0.9220389812500001 0.922 0.9370314843750001 0.943 0.92653673125 1 0.9460269859375 1
3 0.764617690625 0.7230000000000001 0.9190404796875 0.733 0.9220389812500001 0.7230000000000001 0.9160419796875001 0.7190000000000001 0.8815592203125 0.708 0.8170914546875 0.6940000000000001 0.764617690625 0.6900000000000001 0.7526236875000001 0.7 0.7526236875000001 0.708 0.764617690625 0.7230000000000001
3 0.5292353828125 0.7190000000000001 0.45577211406249996 0.756 0.434782609375 0.784 0.3178410796875 0.8800000000000001 0.299850075 0.9349999999999999 0.2908545734375 1 0.3163418296875 0.999 0.3433283359375 0.961 0.3688155921875 0.877 0.3838080953125 0.852 0.410794603125 0.8230000000000001 0.44827586249999996 0.8009999999999999 0.511244378125 0.783 0.635682159375 0.718 0.6461769109375 0.709 0.6806596703125 0.6980000000000001 0.7121439281249999 0.682 0.7166416796874999 0.649 0.6716641671875 0.662 0.6431784109375001 0.6769999999999999 0.6311844078125 0.678 0.686656671875 0.621 0.688155921875 0.5700000000000001 0.686656671875 0.564 0.6791604203125 0.562 0.662668665625 0.5940000000000001 0.565217390625 0.696 0.5292353828125 0.7190000000000001
3 0.611694153125 0.513 0.6071964015625 0.488 0.5907046484375 0.484 0.586206896875 0.487 0.589205396875 0.528 0.611694153125 0.513
3 0.62668665625 0.504 0.664167915625 0.493 0.6836581703125 0.48 0.6806596703125 0.472 0.6686656671875 0.472 0.62518740625 0.48 0.62218890625 0.495 0.62668665625 0.504
3 0.47676161875 0.5349999999999999 0.48425787031249995 0.545 0.565217390625 0.522 0.565217390625 0.49400000000000005 0.5562218890625 0.491 0.48425787031249995 0.506 0.47376311875 0.512 0.47676161875 0.5349999999999999
3 0.2818590703125 0.597 0.24287856093750002 0.634 0.23388305781250002 0.667 0.23388305781250002 0.6940000000000001 0.2563718140625 0.74 0.2698650671875 0.756 0.301349325 0.756 0.2938530734375 0.7190000000000001 0.27286356875 0.674 0.26836581718749997 0.626 0.27286356875 0.616 0.3163418296875 0.5940000000000001 0.40329835156250005 0.5650000000000001 0.42128935468749995 0.563 0.43328335781250005 0.5389999999999999 0.43178410781250004 0.5269999999999999 0.42578710624999994 0.525 0.3673163421875 0.545 0.32533733125 0.5660000000000001 0.2818590703125 0.597
3 0.434782609375 1 0.45127436249999997 0.9720000000000001 0.47376311875 0.891 0.499250375 0.8460000000000001 0.5217391296875 0.8320000000000001 0.637181409375 0.8009999999999999 0.637181409375 0.796 0.6281859078124999 0.796 0.5067466265625 0.819 0.48425787031249995 0.829 0.464767615625 0.845 0.4467766109375 0.874 0.4422788609375 0.8960000000000001 0.434782609375 0.9019999999999999 0.43028485781250003 0.966 0.42278860625 0.975 0.4197901046875 1 0.434782609375 1
3 0 0.563 0.09295352343749999 0.458 0.11394302812499998 0.414 0.11244377812499999 0.409 0.0944527734375 0.40700000000000003 0.0314842578125 0.48 0.0044977515625 0.538 0 0.534 0 0.563
3 0.063228003125 0.22383915468749999 0.0677249390625 0.2028328125 0.049736967187499995 0.18582769062499999 0.02548725625 0.20800000000000002 0.0194902546875 0.225 0.035982009375 0.261 0.063228003125 0.22383915468749999
3 0 0.233 0.0014992500000000001 0.373 0.0329835078125 0.269 0.0164917546875 0.233 0 0.233