3 0.30998558125 0.3441589109375 0.3056515609375 0.36011512031250004 0.31039834375 0.3592897984375 0.3293854765625 0.33645591406249997 0.3508491921875 0.3482855171875 0.358278940625 0.33618080625 0.339085425 0.325176525 0.3491981375 0.31059585156249997 0.3403237171875 0.300416890625 0.327321659375 0.317748634375 0.2850133734375 0.29711560625 0.2831559359375 0.3092203171875 0.319272765625 0.3298533453125 0.30998558125 0.3441589109375
3 0.3023494515625 0.42146399062500006 0.31039834375 0.389001359375 0.3042068875 0.38129836250000004 0.2951260859375 0.42063866875 0.3023494515625 0.42146399062500006
3 0.3508491921875 0.40138117656250005 0.3188600015625 0.4228395265625 0.340117334375 0.42476527500000005 0.3527066296875 0.40715842343749997 0.3508491921875 0.40138117656250005
3 0.3782794734375 0.487954675 0.38128487187500004 0.5055819374999999 0.38489135 0.4999732625 0.39691294374999997 0.452165990625 0.3927053859375 0.44148280156249997 0.387095309375 0.4556380265625 0.3782794734375 0.487954675
3 0.45161119375 0.5192030046875 0.45341443437500006 0.503979459375 0.46864178437500004 0.531488671875 0.478259059375 0.528016634375 0.4498079546875 0.4783398046875 0.4037251796875 0.397147565625 0.40192194218750005 0.40088668125 0.4097359765625 0.42812881562499994 0.45161119375 0.5192030046875
3 0.09278112031249999 0.48283474687499994 0.106816940625 0.48431281249999997 0.17999948125 0.4867762546875 0.17520388125 0.46657602656249997 0.10867429843750001 0.471010221875 0.09278112031249999 0.48283474687499994
3 0.3533553171875 0.5922115984375 0.30715421875 0.5439281234375 0.30087086875 0.552303828125 0.34744157656249997 0.6045288109375 0.3533553171875 0.5922115984375
3 0.6291658078125 0.5701080703125 0.6011157500000001 0.5483973265625 0.5935754125 0.5536239859375 0.622530309375 0.5857880515625 0.6291658078125 0.5701080703125
3 0.633388396875 0.528696834375 0.5971947734375 0.537139903125 0.5974963875 0.5439747671874999 0.6394206671875 0.5351296484375 0.633388396875 0.528696834375
3 0.66535943125 0.738567365625 0.6798368796875 0.7325366046874999 0.644246484375 0.6903212671875 0.6107673828125 0.6593633546875 0.6086560875 0.6633838625 0.6342932375 0.694341775 0.66535943125 0.738567365625
3 0.7480015359375 0.638054659375 0.6937111015624999 0.5926229171874999 0.693107875 0.598251628125 0.742270878125 0.6440854218750001 0.7480015359375 0.638054659375
3 0.828833959375 0.823400090625 0.8433114093749999 0.7984729390624999 0.8589953109374999 0.7389694171875 0.85386788125 0.734948909375 0.83546945625 0.79525653125 0.8182774859374999 0.8221939375 0.8200871671875 0.8258123953125001 0.828833959375 0.823400090625
3 0.9567180937499999 0.8873261703124999 0.8930776406250001 0.85556415625 0.8948873203125001 0.8644092734375001 0.9537019578124999 0.90139795 0.9567180937499999 0.8873261703124999