3 0.3891677796875 0 0.4030971 0.0584659015625 0.43952777187500003 0.2825341140625 0.47274394218750004 0.4377813890625 0.517746565625 0.63464130625 0.5642330624999999 0.8751999890625 0.5970368328125 0.900322165625 0.610966153125 0.79629049375 0.6002512531249999 0.7242686296875 0.5798929296875001 0.618636434375 0.5338189140625 0.42977895312500003 0.4845303953125 0.22651706093750001 0.44274227499999996 0.06326738125 0.41274052499999997 0 0.3891677796875 0
3 0.0645063140625 0.55621746875 0.09236503593749999 0.6058326703125 0.11808080937500001 0.6522467046875 0.1727267765625 0.7274695546875 0.21987234687499999 0.7882880578125 0.2584459671875 0.83310175 0.278804290625 0.8811163671875001 0.28094731875 0.8154964140625 0.24023067187499997 0.732271065625 0.17701275156250001 0.658648615625 0.0816501359375 0.5482150328125 0.0002678921875 0.4511999890625 0 0.4921979796875 0.0184323 0.5146047640625 0.0645063140625 0.55621746875
3 0.3055915375 0.79629049375 0.3248783875 0.8315012875000001 0.3238069140625 0.78188620625 0.3023771171875 0.7274695546875 0.2702324203125 0.6698521609375 0.2145148984375 0.5930286640625 0.178084225 0.540212596875 0.1405820796875 0.46338915937499997 0.088079140625 0.386565784375 0.045219546875 0.33535018125 0.013074849999999999 0.2841346375 0 0.26172779375 0.0029470609375 0.2931999890625 0.0505769953125 0.384965321875 0.1384391328125 0.5210067375 0.232730275 0.6762540125000001 0.3055915375 0.79629049375
3 0 0.7450749515624999 0.04736249375 0.8010920046875001 0.09129356250000001 0.8699130046875 0.10207633125 0.8731999890625 0.09129356250000001 0.7978910796875 0.083793165625 0.7658813343750001 0.05271994375 0.71946711875 0.013074849999999999 0.6874573734375 0 0.6874573734375 0 0.7450749515624999
3 0.049505440625 0 0.0345046484375 0.09687761875 0.0312901453125 0.17370099375 0.0195037734375 0.274531678125 0.0195037734375 0.295338 0.032417925 0.3071999890625 0.045219546875 0.1640981265625 0.0537914171875 0.0616668875 0.0580773921875 0 0.049505440625 0
3 0.961343309375 0 0.9345560624999999 0.10488005468749999 0.9345560624999999 0.15769612187499998 0.902411365625 0.22491656875000002 0.8595517703125 0.354556040625 0.8391935296874999 0.3993696703125 0.8415271015625001 0.5251999890625 0.87562411875 0.428178490625 0.9088403703125 0.31774484531249997 0.9602719171875 0.14649269843749999 0.976344265625 0.079272253125 0.9838446624999999 0 0.961343309375 0
3 0.810263334375 0.48899699375 0.8059772765625001 0.4409823765625 0.75990334375 0.5082028515625 0.6981915359374999 0.6171999890625 0.71061474375 0.6298399796874999 0.7449023875 0.5914281406249999 0.810263334375 0.48899699375
3 0.591679384375 0 0.5541772375 0.10488005468749999 0.5306044125 0.160897078125 0.538104890625 0.17690195 0.556320184375 0.20731123125 0.5852503796875 0.0856741953125 0.617395075 0.0024488468749999997 0.591679384375 0
3 0.3923822015625 0.039260071875000004 0.395596703125 0.005649834375 0.337736234375 0.07767175937500001 0.2927336921875 0.1512941796875 0.249874096875 0.2105121890625 0.2091574484375 0.2809336515625 0.205943028125 0.3065414234375 0.211300478125 0.3561565640625 0.21995978749999998 0.3471999890625 0.25308851718750003 0.272931215625 0.28630476875 0.1865048796875 0.33559328593750004 0.119284434375 0.3923822015625 0.039260071875000004
3 0.19844255 0 0.1930851 0.09527712656250001 0.181298728125 0.22971804843750002 0.1877276515625 0.3609580140625 0.1823702015625 0.42657796562500006 0.1823702015625 0.5354110859375 0.20522435625000002 0.5671999890625 0.1995140234375 0.4473842875 0.208085975 0.22651706093750001 0.2123719515625 0 0.19844255 0
3 0.9967025078124999 0.5050018656249999 0.9731297640625 0.38336479843750004 0.9624148640625 0.2969385234375 0.9302701687500001 0.23612005156250002 0.9431280140625 0.2713306921875 0.955985859375 0.348154128125 0.9538429125000001 0.3801638734375 0.95491446875 0.48899699375 0.9731297640625 0.56261938125 0.9870591640624999 0.6298399796874999 1 0.7211999890625 0.9924166140624999 0.618636434375 1 0.5642199046874999 0.9967025078124999 0.5050018656249999
3 0.39023925312499996 0.308141946875 0.39666817656250003 0.3673599265625 0.41488355468749993 0.42017605468749997 0.4416708015625 0.4825950203125 0.4706009953125 0.5546169453124999 0.490555903125 0.6031999890625 0.50596019375 0.577023790625 0.45560012031249997 0.45858771093749995 0.42452689687499995 0.38976677187500003 0.39023925312499996 0.308141946875