3 0.5241754671875001 0.45432761875 0.522098365625 0.458021040625 0.5140207640625001 0.4687935109375 0.5104737671875 0.47661538437499995 0.51471311875 0.4777192765625 0.52348309375 0.4666390140625 0.5241754671875001 0.45432761875
3 0.4639396234375 0.4764881328125 0.4581699078125 0.4767959125 0.46117016718750004 0.481720478125 0.4669398828125 0.49710972187499997 0.472387321875 0.5108461546874999 0.4729403828125 0.5038809921875 0.469478553125 0.49526300624999997 0.4639396234375 0.4764881328125
3 0.6187987828125 0.47002465468750004 0.615336953125 0.49218515625 0.616365625 0.5027692312500001 0.6194911546874999 0.4869528234375 0.621799040625 0.471871359375 0.6192603875 0.4743336359375 0.6187987828125 0.47002465468750004
3 0.413627715625 0.9762150546875 0.41316612656249996 0.97159828125 0.410858240625 0.9685204328125 0.4002419671875 0.9706749421875 0.39377989687500004 0.9768306390625 0.38985647968750003 0.9823707531249999 0.386163865625 0.9916042984375 0.38813549062499997 0.9989230765625001 0.394933840625 0.98421748125 0.401626696875 0.9789851234375 0.40993510000000005 0.9789851234375 0.413627715625 0.9762150546875
3 0.3411600859375 0.9839096765625 0.3441603359375 0.9922198828125 0.3469298 1 0.3540885171875 0.9996923078125001 0.34808374375 0.9805240484375 0.34669900625 0.9802162687499999 0.34392955000000003 0.9811396312499999 0.3411600859375 0.9839096765625
3 0.629645875 0.9608258109375001 0.616490896875 0.9703671609375 0.6084132953125 0.9802162687499999 0.5968738640625 0.9934510265625001 0.5927196968749999 0.9986833609374999 0.604824278125 1 0.614644615625 0.9888342546875 0.628953503125 0.9703671609375 0.6340308453125 0.9642114640624999 0.629645875 0.9608258109375001
3 0.48609534375 0.56494735625 0.4830950859375 0.5671018531249999 0.4817103578125 0.57756653125 0.4805564140625 0.5880312234375 0.4856598703125 0.577384615625 0.49348057343749996 0.546172490625 0.4950960859375 0.54124791875 0.48978795937499997 0.551712603125 0.48609534375 0.56494735625
3 0.49809634531249997 0.23628633593749998 0.501558175 0.23628633593749998 0.5057123781249999 0.23628633593749998 0.5096357765625 0.23997976875 0.5179441640625 0.2445965421875 0.5231692484375 0.24546153906249998 0.511712878125 0.23905640468749997 0.5038660609375001 0.2332084875 0.5008658015624999 0.2341318515625 0.49809634531249997 0.23628633593749998
3 0.8084295421875 0.40425286875 0.81515378125 0.4181 0.8117297921875 0.403052509375 0.8093295812499999 0.3962504609375 0.8057292875 0.3938497296875 0.8084295421875 0.40425286875
3 0.7874277765625 0.3598395 0.7904280296875 0.3742438421875 0.80165040625 0.4041 0.7949284078125001 0.3826463625 0.79282819375 0.3650410765625 0.7907280265625001 0.35823902812499997 0.7874277765625 0.3598395
3 0.7148216640625 0.2678118296875 0.7220222515625 0.277014609375 0.7289228390625 0.2810158125 0.7352233640625 0.2810158125 0.7394237218749999 0.27821495937499996 0.7274227140625 0.27221314531249996 0.7148216640625 0.2678118296875
3 0.6746182828125 0.3022221796875 0.6655075296875 0.3114135125 0.657406859375 0.323417121875 0.6442057453125 0.3494249453125 0.639105303125 0.3578274734375 0.6362340515625 0.3786 0.6476160140625 0.35183709375 0.6587169375 0.3270296515625 0.6707179453125 0.307423740625 0.6746182828125 0.3022221796875
3 0.7429140421875 0.9141632109375 0.736013453125 0.912162609375 0.736013453125 0.92216561875 0.737213559375 0.9341692281249999 0.73511336875 0.942171634375 0.7321131171874999 0.9525747578124999 0.730612990625 0.9701800593750001 0.7273127171875 0.9841842703125 0.7310943671875 0.9846 0.736013453125 0.9525747578124999 0.7438141046875 0.9341692281249999 0.747714440625 0.925366578125 0.7429140421875 0.9141632109375
3 0.7135115640625 0.523158396875 0.711411396875 0.5123551453124999 0.703337428125 0.5031 0.7078110796875 0.5115549171875 0.7105113109375 0.524758884375 0.7150116890625 0.530760690625 0.7135115640625 0.523158396875
3 0.84762284375 0.4514556625 0.8407222546875 0.46265905937499996 0.834121709375 0.4714616796875 0.8329216265625 0.483465290625 0.835670728125 0.5088003890625 0.8404222562499999 0.48106455937500003 0.84432259375 0.4650597453125 0.8479228875 0.454656653125 0.84762284375 0.4514556625
3 0.88842624375 0.407842509375 0.885726034375 0.4082426375 0.8806256156250001 0.408642753125 0.8734249828125 0.4106433546875 0.8689246046875001 0.4150446875 0.8620240625 0.41944600468750004 0.8608768124999999 0.4241 0.8719248578125001 0.417445403125 0.880025575 0.4138443140625 0.88842624375 0.4106433546875 0.88842624375 0.407842509375
3 0.8737250265625001 0.704737825 0.8719248578125001 0.7007366203125 0.8632241453124999 0.6987360203125 0.8506230953125 0.699136134375 0.8416223390625 0.7027372234375 0.8326215828124999 0.7067384265625 0.8376209984375 0.7126 0.8455226765624999 0.7119399875 0.8563235562499999 0.708739028125 0.86172401875 0.704737825 0.8737250265625001 0.704737825
3 0.7924182015625 0.5805380687499999 0.786117653125 0.5833388984375001 0.782517359375 0.588940590625 0.78281738125 0.6021445578125 0.7798565578125001 0.6171 0.7876177796875 0.6021445578125 0.7918181359375 0.5897408328125 0.7969185796875 0.5793376953125 0.7924182015625 0.5805380687499999
3 0.831784565625 0.322243240625 0.83088448125 0.3326463625 0.8278842296875 0.3486511765625 0.8266841234375001 0.3578539421875 0.8316579078125 0.35459999999999997 0.8341847546875 0.3382480546875 0.83628494375 0.330245646875 0.8356848796874999 0.32624444375 0.831784565625 0.322243240625
3 0.9049907203125 0.388025440625 0.90319055 0.388025440625 0.898690171875 0.3932269859375 0.8965900046874999 0.3984285546875 0.8939234734375001 0.4081 0.8977901109375 0.40483047499999997 0.9064908468749999 0.39802844843749996 0.9073909078125 0.39522758750000003 0.9049907203125 0.388025440625
3 0.7975816890625 0.6010519078125001 0.790381078125 0.6010519078125001 0.7891809734375 0.6010519078125001 0.7873968421875001 0.6101 0.794281415625 0.6102546734375001 0.8038822124999999 0.605853340625 0.8026821078124999 0.601452021875 0.7975816890625 0.6010519078125001
3 0.9501875406250001 0.6221 0.9556949843749999 0.638263096875 0.95509494375 0.61785695 0.9526947328125001 0.6166565921875 0.9501875406250001 0.6221
3 0.22286713281249998 0.77135659375 0.21558081875 0.7753578015625 0.20615146874999998 0.787933015625 0.1975793203125 0.7947922046875 0.1885785375 0.8073674203125 0.1838638625 0.8187994296875001 0.18551065312499998 0.8237142859375 0.1958648828125 0.8022230296874999 0.2130091796875 0.7850750140625 0.2262960046875 0.77135659375 0.22286713281249998 0.77135659375
3 0.248583578125 0.731344559375 0.244297503125 0.7319161515625 0.237439790625 0.7422049765625001 0.230153478125 0.74734936875 0.22715320625 0.7530653734375 0.22248418281250001 0.7637142859375 0.23443955156250001 0.75192216875 0.243868903125 0.7416333625 0.24815497656250002 0.7359173593749999 0.248583578125 0.731344559375
3 0.27430002343750004 0.7181977515625 0.2798719328125 0.7096237453125 0.2653520421875 0.724428571875 0.27430002343750004 0.7181977515625
3 0.16929120312499998 0.854926303125 0.1654337609375 0.8755039124999999 0.1710056390625 0.893223540625 0.179080475 0.9137142859375 0.17700615 0.882363121875 0.1744345109375 0.8612138984375 0.1744345109375 0.8503535031249999 0.16929120312499998 0.854926303125
3 0.025279110937499998 0.8400646984375 0.0192786171875 0.8617855125 0.0145750625 0.8844285718749999 0.026136329687499998 0.8606423078125 0.033422659375000004 0.8372066953124999 0.0329940421875 0.8280610749999999 0.025279110937499998 0.8400646984375
3 0.0591391046875 0.9023691390625 0.063337253125 0.9015714296875 0.06942569062500001 0.89150874375 0.0702828921875 0.8846495328125 0.062567978125 0.8926519265625 0.0591391046875 0.9023691390625
3 0.277567934375 0.7663282265625 0.268995784375 0.7823330359375 0.26599554687500004 0.802339053125 0.268995784375 0.826346278125 0.27156745625 0.8377782874999999 0.2805318734375 0.8537142859375001 0.27713936562499997 0.8286326890625 0.2719960890625 0.8017674609375 0.27242465781249997 0.7823330359375 0.277567934375 0.7663282265625
3 0.0906950984375 0.8503535031249999 0.086409025 0.8577843046875 0.0817321734375 0.8701428578125 0.0928381359375 0.8554978953125 0.096695609375 0.8469238875 0.0906950984375 0.8503535031249999
3 0.0954098078125 0.0776484875 0.0911237328125 0.0799349421875 0.10141028437499999 0.08793731406250001 0.1129827046875 0.0993693234375 0.120313246875 0.10442857187500001 0.11598294375 0.096511321875 0.1061249921875 0.0896521109375 0.098838646875 0.0816496953125 0.0954098078125 0.0776484875