3 0.1422922484375 0.44361336875 0.1332914578125 0.40560180468749996 0.12504077656249998 0.3905972359375 0.1182901984375 0.40860270937500004 0.117540146875 0.43661122968750005 0.11904025 0.4846258375 0.112289728125 0.5396425875 0.11303977968750001 0.6006611859375 0.10628920156249999 0.7096943953125 0.10628920156249999 0.8027226703125001 0.10628920156249999 0.8227287593750001 0.1389722265625 0.79324999375 0.143792353125 0.6576785140625 0.144542403125 0.5496456328125 0.14529245468750002 0.47462279374999994 0.1422922484375 0.44361336875
3 0.39056309375 0.20357225625000003 0.399563828125 0.23158077656249998 0.40631440625000004 0.309604521875 0.42404349375 0.36949999375 0.43856713750000004 0.36362098125000003 0.4243159296875 0.2515868671875 0.40931466875 0.21557591875 0.39056309375 0.20357225625000003
3 0.11378983125 0.544644109375 0.07853689375 0.518636284375 0.0440339484375 0.49262830468749996 0.0087810109375 0.45861793593750005 0.000530328125 0.4526161234375 0 0.48324999375 0.034283164062499996 0.5096334515625001 0.0860375234375 0.5466447265625 0.11378983125 0.5576480984375001 0.11378983125 0.544644109375
3 0.5465762234375 0.3441310234375 0.53457516875 0.365137440625 0.528132015625 0.39949999375 0.548076325 0.3981474828125 0.5825792703125 0.325125259375 0.5683280046875 0.32812616562499997 0.5465762234375 0.3441310234375
3 0.635833675 0.217092340625 0.637333778125 0.19408534375 0.6268329421875001 0.1900841484375 0.620832415625 0.1900841484375 0.61408189375 0.1990868671875 0.6043310515625 0.214091434375 0.5833292640625001 0.257104521875 0.5623274765625 0.30211822499999996 0.5543885796875 0.33074999374999997 0.5840793734374999 0.30611945937499996 0.5975805296875001 0.2961164125 0.6253328390624999 0.24310028125 0.635833675 0.217092340625
3 0.517323696875 0.3820786375 0.49782212656249997 0.40708625 0.49257170937500006 0.424091434375 0.493321703125 0.47710756718749997 0.48807128437499997 0.5591325453125 0.484058496875 0.60449999375 0.5045726484374999 0.5941432046874999 0.5098230671875 0.529123409375 0.514323490625 0.44509785312499994 0.517323696875 0.3820786375
3 0.7663447078125001 0.778651509375 0.8173489 0.7906550953125 0.8301000625 0.7856535734375 0.8301000625 0.7766508171875001 0.839850790625 0.7646471546875 0.8346003734374999 0.7566447265625 0.7918468046875 0.747642009375 0.71474116875 0.7244999937500001 0.7078397703125 0.7636469421875 0.7303416609375 0.769648678125 0.7663447078125001 0.778651509375
3 0.7085897640625001 0.6176343953125001 0.7235910234375 0.570620075 0.7055895578125 0.5896258375000001 0.6762940562499999 0.63324999375 0.6883380859375 0.6516447265624999 0.7040894546875001 0.630638346875 0.7085897640625001 0.6176343953125001
3 0.7210308859375 0.6806413921875001 0.6932785781249999 0.6746395421875 0.6752770546875 0.7646669484374999 0.6640261093750001 0.8226846046875 0.6452745328125 0.9097111437500001 0.6631657734374999 0.94824999375 0.6895282625 0.8646974406249999 0.70302941875 0.8046791687500001 0.715030415625 0.7186530328125 0.7210308859375 0.6806413921875001
3 0.4360069421875 0.49413254531249995 0.4097547375 0.5501496218749999 0.4052888046875 0.57824999375 0.43900720625 0.532144109375 0.4555086265625 0.5061362843749999 0.445757784375 0.49313225625 0.4360069421875 0.49413254531249995
3 0.5965204375 0.80116216875 0.5572017828125 0.78574999375 0.5560170234374999 0.8081642312499999 0.589769859375 0.825169415625 0.5965204375 0.80116216875
3 0.797537346875 0.32059571249999996 0.75328361875 0.29258719375000003 0.7457829874999999 0.3195953859375 0.6931732765625 0.48949999375 0.7075297859375 0.48564595937500005 0.7577839843749999 0.38661579687500003 0.797537346875 0.32059571249999996
3 0.8035378171875 0.29700604375 0.8380407609375 0.1909737796875 0.8725436484375001 0.0689366203125 0.89729575 0.0009159015624999999 0.86504301875 0 0.8447912828125 0.049513193750000004 0.8087882921875 0.1545451578125 0.7637845109375 0.2685798703125 0.7705350906249999 0.27800028125 0.784036190625 0.2880033265625 0.8035378171875 0.29700604375