3 0.27286356875 0.67 0.2563718140625 0.8099999999999999 0.2173913046875 0.881 0.235382309375 0.873 0.25787106406250004 0.849 0.338830584375 0.6679999999999999 0.44377811093749997 0.63 0.463268365625 0.636 0.539730134375 0.635 0.5472263875000001 0.631 0.5472263875000001 0.625 0.4917541234375 0.61 0.434782609375 0.587 0.4092953515625 0.583 0.3583208390625 0.592 0.32383808125 0.608 0.27286356875 0.67
3 0 0.246 0.089955021875 0.26 0.1484257875 0.262 0.27436281875 0.24300000000000002 0.335832084375 0.24300000000000002 0.3658170921875 0.267 0.3793103453125 0.29900000000000004 0.42278860625 0.322 0.5157421296875 0.414 0.5457271359375 0.43200000000000005 0.5712143921874999 0.45499999999999996 0.5982008999999999 0.46699999999999997 0.60269865 0.485 0.614692653125 0.496 0.613193403125 0.52 0.6416791609375 0.52 0.637181409375 0.503 0.6416791609375 0.479 0.6296851578125 0.446 0.539730134375 0.34900000000000003 0.5337331328125 0.325 0.509745128125 0.3 0.4707646171875 0.24 0.4527736125 0.22400000000000003 0.3688155921875 0.21000000000000002 0.289355321875 0.20400000000000001 0.2488755625 0.20800000000000002 0.1919040484375 0.22599999999999998 0.139430284375 0.22999999999999998 0.101949025 0.221 0.0674662671875 0.207 0.035982009375 0.20299999999999999 0.0314842578125 0.20600000000000002 0.034482759375 0.21200000000000002 0.07796101875 0.236 0 0.236 0 0.246
3 0.7481259375 0.34900000000000003 0.82308845625 0.33599999999999997 0.8170914546875 0.331 0.7406296859375 0.308 0.736131934375 0.311 0.737631184375 0.329 0.7481259375 0.34900000000000003
3 0.7046476765625 0.34700000000000003 0.7076461765625 0.335 0.698650675 0.29700000000000004 0.6596701656249999 0.292 0.664167915625 0.34199999999999997 0.6941529234375 0.34900000000000003 0.7046476765625 0.34700000000000003
3 0.6956521734375001 0.209 0.7046476765625 0.197 0.7091454265625 0.223 0.7316341828125 0.22999999999999998 0.737631184375 0.196 0.697151425 0.176 0.640179909375 0.161 0.6431784109375001 0.19 0.688155921875 0.21000000000000002 0.6956521734375001 0.209
3 0.8440779609375 0.294 0.8455772109374999 0.27999999999999997 0.82458770625 0.24500000000000002 0.787106446875 0.22000000000000003 0.7481259375 0.202 0.7451274359375 0.242 0.8215892046875 0.288 0.8440779609375 0.294
3 0.565217390625 0.159 0.511244378125 0.176 0.500749625 0.183 0.49025487187500005 0.202 0.502248875 0.28700000000000003 0.5322338828125 0.324 0.5982008999999999 0.329 0.5982008999999999 0.28900000000000003 0.5802098953125 0.28500000000000003 0.5547226390625 0.257 0.5292353828125 0.22000000000000003 0.52773613125 0.199 0.5367316343749999 0.177 0.5592203890625 0.16499999999999998 0.5712143921874999 0.16899999999999998 0.5982008999999999 0.196 0.5982008999999999 0.16 0.560719640625 0.129 0.5412293859374999 0.125 0.535232384375 0.127 0.5367316343749999 0.135 0.565217390625 0.159
3 0.5082458765625 0.705 0.4092953515625 0.787 0.4182908546875 0.7889999999999999 0.436281859375 0.7809999999999999 0.5712143921874999 0.6980000000000001 0.584707646875 0.6940000000000001 0.5802098953125 0.722 0.5472263875000001 0.786 0.538230884375 0.794 0.5322338828125 0.794 0.48875562187500005 0.762 0.4797601203125 0.763 0.48575712187500003 0.782 0.5157421296875 0.8150000000000001 0.45427286406249995 0.876 0.43178410781250004 0.8859999999999999 0.42578710624999994 0.8949999999999999 0.4422788609375 0.8949999999999999 0.44977511249999996 0.899 0.46026986562500005 0.882 0.500749625 0.8560000000000001 0.5172413796875001 0.833 0.52623688125 0.8300000000000001 0.52623688125 0.835 0.4707646171875 0.944 0.45577211406249996 1 0.48725637187500004 0.998 0.52323838125 0.914 0.5412293859374999 0.8550000000000001 0.584707646875 0.8210000000000001 0.77211394375 0.626 0.82758620625 0.579 0.836581709375 0.5650000000000001 0.815592203125 0.5599999999999999 0.72413793125 0.588 0.6566716640625 0.633 0.5082458765625 0.705
3 0.613193403125 0.599 0.610194903125 0.629 0.635682159375 0.612 0.67466266875 0.5740000000000001 0.7301349328125 0.567 0.7496251875 0.5700000000000001 0.787106446875 0.568 0.82458770625 0.5559999999999999 0.82308845625 0.528 0.7661169421875 0.52 0.7211394296875 0.526 0.6206896546875 0.589 0.613193403125 0.599
3 0.962518740625 0.79 1 0.76 0.99850075 0.742 0.87256371875 0.819 0.9325337328125001 0.8039999999999999 0.962518740625 0.79
3 0.9070464765624999 0.667 0.9025487249999999 0.697 0.92653673125 0.696 1 0.654 0.9970015 0.5980000000000001 0.938530734375 0.634 0.9205397296875001 0.65 0.9070464765624999 0.667
3 0.12443778125 0.519 0.07196401875 0.544 0.0689655171875 0.5519999999999999 0.0959520234375 0.5519999999999999 0.1289355328125 0.536 0.190404796875 0.489 0.27436281875 0.41 0.2938530734375 0.387 0.28335832031249997 0.344 0.27736131875000003 0.341 0.21889055468750002 0.40499999999999997 0.17541229375 0.488 0.12443778125 0.519
3 0.11244377812499999 0.618 0.089955021875 0.637 0.11994002968749999 0.624 0.1664167921875 0.585 0.20989505312499998 0.5269999999999999 0.23988005937499998 0.503 0.236881559375 0.493 0.2323838078125 0.493 0.17991004531250002 0.524 0.134932534375 0.579 0.11244377812499999 0.618
3 0.136431784375 0.9390000000000001 0.1694152921875 0.9019999999999999 0.17541229375 0.877 0.1589205390625 0.873 0.1079460265625 0.9269999999999999 0.0839580203125 0.982 0.136431784375 0.9390000000000001
3 0 0.6809999999999999 0.0209895046875 0.687 0.2308845578125 0.737 0.23988005937499998 0.746 0.2473763125 0.741 0.2458770609375 0.729 0.2308845578125 0.7190000000000001 0.188905546875 0.709 0.1319340328125 0.705 0.035982009375 0.678 0 0.675 0 0.6809999999999999
3 0.362818590625 1 0.38680659687499996 0.958 0.3943028484375 0.933 0.3943028484375 0.8109999999999999 0.3913043484375 0.806 0.37631184375000004 0.8089999999999999 0.389805096875 0.7969999999999999 0.385307346875 0.774 0.3568215890625 0.771 0.32533733125 0.75 0.30434782656250003 0.745 0.299850075 0.762 0.3283358328125 0.7929999999999999 0.3538230890625 0.8119999999999999 0.3478260875 0.909 0.3583208390625 0.986 0.3478260875 1 0.362818590625 1