1 0.41426342812500005 0.53607344375 0.40693132343749994 0.508065028125 0.3902674234375 0.48255736406249994 0.38560154999999996 0.47505510624999997 0.37760285 0.47605539375 0.3756032125 0.48555825781250006 0.384268409375 0.49206020937500006 0.38626809687499997 0.497061715625 0.38626809687499997 0.5015630765625 0.38560154999999996 0.5055642765624999 0.381602175 0.507564884375 0.3796025375 0.5145669796875 0.3849349546875 0.5235696843750001 0.3896008765625 0.5185681796875 0.39093396875 0.5240698453125 0.3975995296875 0.5320722453125 0.40426508749999995 0.535573340625 0.40759786875000004 0.542575415625 0.41159719531250005 0.557079765625 0.40693132343749994 0.55958051875 0.40159885468749995 0.55557935625 0.40159885468749995 0.54757691875 0.3949332953125 0.5380740921875 0.3922671109375 0.53607344375 0.393600203125 0.5470767578125 0.398266075 0.557079765625 0.3995992171875 0.567082775 0.404931634375 0.5740848875 0.40826441406249997 0.57908639375 0.41183331875 0.5832499999999999 0.41892935 0.5835877546875 0.4229286765625 0.5825874296875 0.4275945484375 0.5760854796875 0.41426342812500005 0.53607344375
1 0.3702707421875 0.4360433578125 0.365604871875 0.4360433578125 0.364938275 0.438544109375 0.3662714171875 0.443545615625 0.367604509375 0.44904728125000004 0.3759999859375 0.457625 0.3802690828125 0.4470466703125 0.37360352343750003 0.4370436625 0.3702707421875 0.4360433578125
1 0.3562730765625 0.3485170421875 0.3634999859375 0.358875 0.371603834375 0.3510177953125 0.369604196875 0.34201508125 0.3622720921875 0.34351553749999997 0.3562730765625 0.3485170421875
1 0.398266075 0.4100355609375 0.39160051406249996 0.4025333046875 0.37760285 0.398532084375 0.3709372890625 0.404533884375 0.371603834375 0.4135365984375 0.3729369765625 0.4175378078125 0.3802690828125 0.4175378078125 0.382268771875 0.42103884531249997 0.382268771875 0.4250400640625 0.3809356296875 0.43004156875 0.382268771875 0.43804396875 0.39093396875 0.443545615625 0.3922671109375 0.44804697656250003 0.38626809687499997 0.4530484796875 0.38293531718749996 0.46055073750000003 0.3869346421875 0.465552240625 0.39426675 0.4610508796875 0.3995992171875 0.4610508796875 0.40293199687500003 0.46805299375000003 0.3995992171875 0.46955344062500004 0.3929336578125 0.47455494531250003 0.398266075 0.48255736406249994 0.4062647765625 0.4940608203125 0.41959589687500004 0.518068075 0.42433331875 0.5313749999999999 0.4395925765625 0.52557033125 0.4169296625 0.4740548015625 0.3989326703125 0.428040959375 0.398266075 0.4100355609375
1 0.2769529046875 0.8935870015624999 0.2696207984375 0.8705801093750001 0.2649548765625 0.8770820234375 0.2602890046875 0.8770820234375 0.25362344375 0.8700799281249999 0.2502906640625 0.8675791765625 0.24962411874999998 0.8610772046875 0.24495819531250002 0.8560757015625 0.2502906640625 0.879582775 0.25628967812500003 0.8995887921874999 0.2589559125 0.9035900109374999 0.27162043593749996 0.9040901546875 0.27761945 0.9015894015624999 0.276286359375 0.900589115625 0.2769529046875 0.8935870015624999
1 0.24362510468749998 0.81456321875 0.24295855937500002 0.824066084375 0.23895923125000001 0.8310681796875 0.23695954375 0.8370699875 0.24849998593749997 0.8463749999999999 0.2589559125 0.843071834375 0.2542899890625 0.8330688265624999 0.24829097656250002 0.8170639703125 0.24362510468749998 0.81456321875
1 0.2301666515625 0.8045 0.2342933109375 0.7985584015625 0.23096053125 0.793556896875 0.22096219062500003 0.7910561453125 0.2301666515625 0.8045
1 0.17830259531249998 0.6640179374999999 0.19183331875 0.673875 0.18496815625000002 0.646012534375 0.176302959375 0.6310080203124999 0.170970490625 0.64351178125 0.17830259531249998 0.6640179374999999
1 0.2282942953125 0.744542159375 0.22896089218750001 0.7695496796875 0.23433331875 0.780125 0.24429165 0.7840540500000001 0.2402923234375 0.7680492328125 0.2282942953125 0.744542159375
1 0.5342435078125 0.19656533125 0.5269114015625 0.1850618765625 0.5215789328125 0.18456171562499998 0.5149133734375 0.184061571875 0.5109140484375 0.2005665703125 0.5102475015625 0.229075109375 0.51158059375 0.25308236562499997 0.5195792953125 0.2595842796875 0.5215789328125 0.2610847265625 0.52824449375 0.2695872875 0.5309107281250001 0.26208503125 0.5349100531250001 0.2260741953125 0.5342435078125 0.19656533125
1 0.29694953281249997 0.23767919375000002 0.29561644062500003 0.2446812875 0.2982826765625 0.25218354375 0.30761441875 0.25668490624999996 0.3136134328125 0.2721895609375 0.31533394062500003 0.267748334375 0.3062813265625 0.22367496562500003 0.297616078125 0.21717301406249997 0.29095051875 0.2206740703125 0.29694953281249997 0.23767919375000002
1 0.9267529140624999 0.8200656374999999 0.9107555609375 0.8110629140625001 0.8940916609375 0.8340698453125001 0.8660963296874999 0.8645790140624999 0.8427668687500001 0.89958954375 0.8326666515625 0.913875 0.847432740625 0.9180951328125 0.89075888125 0.8620782625000001 0.916754575 0.828068075 0.9267529140624999 0.8200656374999999
1 0.9254198234375 0.708532084375 0.91275525 0.730538703125 0.9187542625 0.7370406546875 0.9318333187500001 0.732625 0.9454165031249999 0.7080319328125 0.9507489203124999 0.6975287906250001 0.9347516171875 0.699529371875 0.9254198234375 0.708532084375
1 0.8840933218749999 0.8185651703125 0.8920920234375 0.806061409375 0.8700956546875 0.8015600671875 0.852765209375 0.833569684375 0.84076718125 0.86157811875 0.85683331875 0.853875 0.86276355 0.8480740921875001 0.8687625640625001 0.8435726921875 0.8767612140625 0.8300686453124999 0.8840933218749999 0.8185651703125
1 0.830768840625 0.9010900109375 0.830768840625 0.88808610625 0.8341016218749999 0.87358171875 0.817437721875 0.9115931625 0.7984999859374999 0.95075 0.8101056156249999 0.9411020453125 0.81810431875 0.92259645625 0.8274360609375 0.9105928765625 0.830768840625 0.9010900109375
1 0.9327519296875 0.67152095625 0.92608636875 0.680523659375 0.9207539 0.6910268203125 0.9201666515625 0.702 0.930752240625 0.6930274203125 0.9420837234375 0.673021403125 0.9367512546875 0.6720210984375 0.9327519296875 0.67152095625
1 0.9874095 0.4846602375 0.9574144796875 0.5251724234374999 0.9393333187499999 0.54825 0.9480827375 0.557182059375 0.97607806875 0.5256725859375 0.9967412953125001 0.4931628078125 0.9874095 0.4846602375
1 0.5943333187500001 0.6301249999999999 0.6088057250000001 0.6389096375000001 0.6487990859375 0.61640286875 0.6621302046875 0.5733899296875 0.5943333187500001 0.6301249999999999
1 0.7926666515624999 0.713875 0.8027735093749999 0.7159328109375 0.8214370984375 0.65791535 0.7941082609375 0.6924257375 0.7926666515624999 0.713875
1 0.9114221578124999 0.6649174625 0.9200873546875 0.6649174625 0.91275525 0.670919271875 0.9247532765625 0.6744203296875 0.92941915 0.6729198625 0.938084396875 0.6679183578125001 0.9480827375 0.65791535 0.9454165031249999 0.646912065625 0.927419459375 0.646912065625 0.9040900015625001 0.648412503125 0.8767612140625 0.6614164062500001 0.8401006359375 0.6784215296875 0.8167711765625001 0.693926184375 0.830768840625 0.6929258796875 0.8447665578124999 0.6824227281249999 0.8651666515624999 0.676375 0.8827602296875 0.67642091875 0.8960913500000001 0.6684185203124999 0.9114221578124999 0.6649174625
1 0.7454497046874999 0.84817559375 0.73878414375 0.846675128125 0.7321185859375 0.846675128125 0.724786478125 0.8451746796874999 0.7047897984375 0.8726829546875001 0.69945733125 0.892188828125 0.6926666515625 0.922 0.7154546859375001 0.884186409375 0.7307854421875 0.876684153125 0.7401172359375 0.8681816109374999 0.7454497046874999 0.84817559375
1 0.52854934375 0.32177290625 0.514551628125 0.3502814765625 0.5105522515625001 0.3617849421875 0.5152182234375 0.37728959687499997 0.5178844078125 0.385792159375 0.521883784375 0.3957951671875 0.520550590625 0.3997963671875 0.5178844078125 0.40029652968749996 0.508552665625 0.396795471875 0.508552665625 0.40579817656249995 0.5178844078125 0.41330043125 0.5185510046874999 0.4228032984375 0.5185510046874999 0.423803603125 0.5118854453125 0.42830494531249996 0.5112188484375 0.43480689687499996 0.5112188484375 0.44280931562500003 0.5112188484375 0.4528123234375 0.5112188484375 0.461815028125 0.5112188484375 0.467316675 0.5126666515625 0.49012500000000003 0.5298824359375 0.48932334062500005 0.525883059375 0.4037975859375 0.52854934375 0.33877803906250004 0.52854934375 0.32177290625
1 0.0011112703125 0.23081998750000002 0.0084433765625 0.24682484374999997 0.0151666515625 0.25075 0.0131092984375 0.2463246625 0.01577548125 0.24132315937499998 0.0084433765625 0.236821834375 0.0011112703125 0.23081998750000002
1 0.5747577046875 0.29758143125 0.577402725 0.305008875 0.5814232640625 0.292079765625 0.58275635625 0.277075253125 0.5694252359374999 0.285577853125 0.568758690625 0.29007917656250004 0.5714249234375 0.29508067968749996 0.5747577046875 0.29758143125
1 0.5767573406250001 0.4424294984375 0.5794235765625 0.39441506406250004 0.58475604375 0.372908590625 0.5794235765625 0.34990166875 0.5594268953125 0.341899278125 0.55342788125 0.396915815625 0.5574272078125 0.4404288875 0.5580938046874999 0.5239540140625001 0.5584999859375 0.560125 0.5814232640625 0.5589645437499999 0.5767573406250001 0.519452671875 0.58075666875 0.49444515000000006 0.5767573406250001 0.4424294984375
1 0.4781070859375 0.20645250937499998 0.45277793749999995 0.191447996875 0.468775290625 0.2344609265625 0.485439190625 0.2589683046875 0.5034999859375 0.291375 0.50876865 0.2594684484375 0.5027696359375 0.24396379218750003 0.4781070859375 0.20645250937499998