3 0.530394775 0.22491656875000002 0.5069320359375 0.23612005156250002 0.46427245156249997 0.3945682203125 0.42161286875000004 0.637842415625 0.3938842375 0.7834866703125 0.42587892343749995 0.9243294734375 0.4538666171875 0.9271999890625 0.532527884375 0.5786242546875 0.55812356875 0.33855116875 0.5431927796875 0.2889360875 0.530394775 0.22491656875000002
1 0.79555026875 0.21366412812500002 0.79235093125 0.208062446875 0.7176966593749999 0.24167265468750002 0.6782364140625 0.2568772953125 0.6441087796875 0.2792841109375 0.672903965625 0.2952889828125 0.6953003125 0.28328532968750003 0.741159396875 0.250475353125 0.7827524265625 0.22646804375000001 0.79555026875 0.21366412812500002
1 0.4340103625 0.37291268125 0.46280555 0.31849605937500003 0.49053426250000004 0.27528289375 0.5214624765625 0.22086633125000002 0.51399708125 0.2176653453125 0.460672603125 0.266480225 0.4233454671875 0.2984899703125 0.3924172515625 0.32969945312500004 0.366933309375 0.3685999953125 0.367887959375 0.369711634375 0.40841459531249996 0.38331578125 0.4340103625 0.37291268125
1 0.359356090625 0.1640490625 0.3518906140625 0.1584473203125 0.33269385156250003 0.192057590625 0.3337603234375 0.23927192968750002 0.3444252203125 0.28648631562500004 0.36682148593749997 0.3096933625 0.3722666421875 0.2965999953125 0.3625555109375 0.27048144375 0.37322040625 0.2376714359375 0.37322040625 0.2040612296875 0.359356090625 0.1640490625
1 0.339092771875 0.26407949999999997 0.33269385156250003 0.26888095 0.28426664218750003 0.3045999953125 0.2985661359375 0.3409028765625 0.34975766875000003 0.2976897078125 0.339092771875 0.26407949999999997
1 0.38175235625 0.2768833859375 0.4233454671875 0.25367630937499996 0.4948002359375 0.2328699875 0.46280555 0.2280685375 0.40734812343750004 0.23447047968749998 0.3682666421875 0.2505999953125 0.3614890375 0.26567996250000003 0.375353434375 0.28328532968750003 0.38175235625 0.2768833859375
1 0 0.8801647375 0.012746974999999999 0.8721623015625 0.025544815625 0.8593584156249999 0.002082078125 0.9177762234375001 0.0055999765625 0.9465999953124999 0.0308772640625 0.8905679281250001 0.05967253125000001 0.849755515625 0.08846771875000001 0.8065423484375 0.0575395046875 0.8153450156250001 0.038342740624999996 0.8265484390625 0 0.86976160625 0 0.8801647375
1 0.733694003125 0.544062446875 0.7326274484375 0.5320588078124999 0.7144971578125 0.524056371875 0.7016993140625 0.5208553703125001 0.6718375734375 0.565669 0.66223906875 0.5888760765625001 0.67077101875 0.6192853296874999 0.690933309375 0.6375999953125 0.6910344187499999 0.6128833859375 0.704898653125 0.5928772953125 0.7155635499999999 0.5592670562500001 0.733694003125 0.544062446875
1 0.11832945937499999 0.1360661015625 0.07673635 0.11686024218749999 0.070933309375 0.1335999953125 0.122595353125 0.1752780203125 0.15459004062499998 0.18888216875 0.15459004062499998 0.1552719296875 0.11832945937499999 0.1360661015625
1 0 0.19128289375000002 0.015946393750000003 0.1936836171875 0.07673635 0.202486315625 0.14819112031249998 0.21929141875 0.12046240625 0.207287765625 0.0831352703125 0.1904826609375 0 0.1625999953125 0 0.19128289375000002
1 0.0778028234375 0.4608882578125 0.0575395046875 0.5025009328125 0.0692708734375 0.5385118953125 0.0874012453125 0.568120915625 0.072470375 0.5985301671875 0.0735999765625 0.6485999953125 0.0938001671875 0.5985301671875 0.10339858906249999 0.5601184796875 0.0991326140625 0.5033011640625 0.0778028234375 0.4608882578125