1 0.5064869296875 0.46333524531250003 0.501249709375 0.4508001484375 0.49553638749999995 0.4374293890625 0.4879186125 0.4274013046875 0.47649193125 0.42071592343750003 0.4660174578125 0.41235919218749995 0.4569713703125 0.4081808265625 0.44792524531250005 0.40233110625 0.436022459375 0.40233110625 0.43411800625 0.40233110625 0.4303091015625 0.4056738109375 0.42792854374999995 0.4131948515625 0.4231674296875 0.4274013046875 0.42333332187500006 0.439849625 0.4498296984375 0.46249958593749996 0.46506524843749997 0.46249958593749996 0.4793485921875 0.46918496562499995 0.5064869296875 0.46333524531250003
1 0.386030759375 0.41486620468749996 0.3884113171875 0.4081808265625 0.3884113171875 0.3931387140625 0.3846024109375 0.38728899375000003 0.377460740625 0.3789322609375 0.37174741718750004 0.374753896875 0.3579401796875 0.37308254375 0.3479418453125 0.36389014999999997 0.3422284875 0.359711784375 0.3379435140625 0.359711784375 0.326040728125 0.353862065625 0.3165184984375 0.350519375 0.3089006875 0.350519375 0.30128291093750004 0.3513550359375 0.294141240625 0.3563690796875 0.2903323703125 0.3630544578125 0.2912845796875 0.377260909375 0.292712928125 0.38311062812499996 0.30175901562499996 0.393974375 0.307472375 0.39982409375 0.3122334890625 0.40233110625 0.319851265625 0.40650947187500003 0.324136275 0.4090164859375 0.33226189375000004 0.41269841406249996 0.34318073125000004 0.4232229375 0.35175071562500004 0.4232229375 0.3750801828125 0.42572995 0.386030759375 0.41486620468749996
1 0.6245626140625 0.4741990234375 0.634560909375 0.46918496562499995 0.63503705 0.4608282328125 0.6274192375000001 0.45330719375 0.6226581234374999 0.44662178125 0.612659828125 0.442443415625 0.5998047609375 0.4399364015625 0.5874259078125 0.42572995 0.575523121875 0.42572995 0.5674292421875 0.42405862968749997 0.5621919875 0.4198802625 0.549813096875 0.4157018984375 0.5440997390625 0.4165375578125 0.54171918125 0.4248942890625 0.54171918125 0.43826504999999993 0.5421952859375 0.445786121875 0.5521936546874999 0.4566498671875 0.5574308734375 0.46249958593749996 0.5721903562499999 0.45832121875 0.591785703125 0.4659565578125 0.5964719953125 0.4700206578125 0.6093269890624999 0.4741990234375 0.6245626140625 0.4741990234375
1 0.664079803125 0.5627804375000001 0.6616992453125 0.5569306546874999 0.6559859234375 0.5502453390625 0.6464636953125 0.5452312484374999 0.6359892578124999 0.5385458375 0.6264670296875 0.5352031640625 0.617897009375 0.5310247968749999 0.607422571875 0.5377102390624999 0.607422571875 0.55609499375 0.6145642437500001 0.5611090203125 0.6250386812500001 0.5611090203125 0.6283714453125 0.5611090203125 0.6346428453125 0.5609857984375 0.6426547890625 0.5652873875 0.6502726015625 0.5652873875 0.664079803125 0.5627804375000001
1 0.7026448578125 0.5343674703125 0.6983598843750001 0.5301891046875 0.69359876875 0.52684643125 0.6878853734375 0.5226680640625 0.6821720515624999 0.5184896984375 0.6731259640625 0.5134756406250001 0.666460359375 0.516818346875 0.6659842921875 0.52433941875 0.6621753859374999 0.5310247968749999 0.667888709375 0.5410528828125 0.6798809421875001 0.5484544703124999 0.6912182125 0.5494096140625 0.7016926484375 0.54188860625 0.7026448578125 0.5343674703125
1 0.5302925 0.5510809359375 0.5445758421875 0.55609499375 0.5669531015625 0.5686300921874999 0.58123644375 0.5736441203125 0.5921870218749999 0.5736441203125 0.5921870218749999 0.571972765625 0.5902825328125 0.55943766875 0.5831408609375 0.5477382609375 0.5721903562499999 0.5352031640625 0.5798080953125 0.5318604578125 0.5783797468749999 0.5209967765625 0.5621919875 0.5151469921875 0.543623634375 0.5051189078125 0.5241030734375001 0.49676217500000003 0.5122002875 0.492583809375 0.499821396875 0.49926922031250004 0.49458414375000004 0.51180431875 0.50981973125 0.5201610515625 0.5197618937499999 0.5286132 0.52505528125 0.5352031640625 0.52362696875 0.543559896875 0.5302925 0.5510809359375
1 0.736924865625 0.6329769062499999 0.7416859796875 0.631305584375 0.7459710265624999 0.631305584375 0.7488276515625001 0.631305584375 0.7554932546875001 0.6363196125 0.7588260203125 0.6363196125 0.7545409734375 0.6254559296875 0.7478754421875 0.6204418390625001 0.7354965171875001 0.61208510625 0.727878778125 0.6070710484374999 0.7154998515625001 0.5995500093749999 0.7021687171875 0.59787865625 0.6878853734375 0.58868623125 0.6750303796875 0.5870149109375 0.6716976156250001 0.5970429640625 0.6788392859375 0.6095780609375 0.686933165625 0.6162634734375 0.7012165078125 0.6212775640625 0.716190465625 0.6257309953125 0.72692656875 0.62712721875 0.7326398921874999 0.631305584375 0.736924865625 0.6329769062499999
1 0.635557421875 0.5019571703125 0.6298440640625 0.50028585 0.6198457312500001 0.4977788046875 0.612704059375 0.498614496875 0.6098473984375 0.50864258125 0.6150846171875 0.51449226875 0.63226189375 0.521303259375 0.638414084375 0.5153279625 0.636985734375 0.5094782421875 0.635557421875 0.5019571703125
1 0.8317153515625 0.6649134515624999 0.8217169828124999 0.6532140453124999 0.8107664046874999 0.6548853984375 0.8136230671875 0.6674204968749999 0.822738084375 0.67481203125 0.830287003125 0.6799555953125 0.8364764656249999 0.67744855 0.8317153515625 0.6649134515624999
1 0.79505475 0.578839115625 0.7888652859375 0.572989396875 0.77839085 0.5763321015625 0.770296934375 0.5821818203125 0.7841041718749999 0.59220990625 0.79476189375 0.598579784375 0.802196421875 0.606416325 0.8007680718750001 0.5938812265625 0.79505475 0.578839115625
1 0.8745653796875 0.64151460625 0.8931336968749999 0.646528665625 0.8921814890625 0.6306509250000001 0.889324790625 0.61226604375 0.8821831187500001 0.6114303828125001 0.8736130984375 0.6030736515624999 0.863614803125 0.6005666375 0.8588536890625 0.59220990625 0.8540925734375 0.5780034546875 0.8412375796875 0.571318075 0.8350481171874999 0.5671397093749999 0.8255258890625001 0.5629613421874999 0.8212408421875 0.5554402703125 0.8117186500000001 0.55042624375 0.80790974375 0.5470835375 0.7993397234375 0.5437408328125 0.79505475 0.5437408328125 0.792198053125 0.55376891875 0.7988636203125 0.557947284375 0.7993397234375 0.566304015625 0.8050530828125 0.5746607484374999 0.815051415625 0.5863601875 0.8312392109375001 0.6039093109375 0.855996990625 0.6239654828125001 0.8745653796875 0.64151460625
1 0.236237803125 0.318176921875 0.23052447968749998 0.3081488703125 0.22385887656249998 0.3006277984375 0.21386054375 0.2956137703125 0.1948160859375 0.2872570375 0.17815218593749998 0.289764053125 0.1705344109375 0.3014634578125 0.18243719687499999 0.31734126093750004 0.2029099671875 0.324862334375 0.216785703125 0.33751044375 0.2210022515625 0.3332190671875 0.236237803125 0.328205009375 0.236237803125 0.318176921875
1 0.274802784375 0.29895644374999997 0.25623446875 0.2947780796875 0.2462360984375 0.2947780796875 0.2357616625 0.3006277984375 0.2462360984375 0.30898453125 0.25964284531250004 0.31558061875 0.2743267171875 0.31149154375 0.282420596875 0.3073131765625 0.274802784375 0.29895644374999997
1 0.261947790625 0.410100978125 0.261947790625 0.3984015734375 0.2500450046875 0.38837355156250003 0.2343333140625 0.3791810953125 0.225714275 0.388680034375 0.2429033328125 0.4025799390625 0.25623446875 0.410100978125 0.261947790625 0.410100978125
1 0.19053107656249998 0.3549465578125 0.1776760828125 0.3474254859375 0.16672550625 0.34157579843749997 0.1705344109375 0.357453571875 0.18821427500000001 0.3698830421875 0.1995772015625 0.36497464375 0.1995772015625 0.3607962765625 0.19053107656249998 0.3549465578125
1 0.057695982812500005 0.2730505875 0.041032082812499995 0.2730505875 0.0315098546875 0.26720086875 0.022463765625 0.26720086875 0.0067520734375000006 0.2780646140625 0.0191309640625 0.2872570375 0.030081542187499997 0.28474999375 0.037223212500000005 0.2905997125 0.045317092187500005 0.2947780796875 0.054839320312499995 0.3031348109375 0.060833321875 0.3020050125 0.0705510125 0.2997921375 0.073883778125 0.28809269843749996 0.06578989843750001 0.277228953125 0.057695982812500005 0.2730505875
1 0.7687636703125 0.4591809171875 0.7574321875 0.45333120468750004 0.7514332234375 0.45333120468750004 0.7494335359375001 0.4662005546875 0.7534328609375 0.48725951093750003 0.7607649671875001 0.49310922343749997 0.7687636703125 0.48842947968750006 0.7780954640625 0.48257976718749995 0.7767623218749999 0.4697103734375 0.7687636703125 0.4591809171875