3 0.027818921875000003 0.56671125 0.0488206796875 0.59371938125 0.0814484375 0.6177265796875 0.08669885625 0.6137253984375 0.0724476765625 0.60422253125 0.0469455234375 0.57771454375 0.038319815624999996 0.5657109265625 0.036069603125 0.5317007015625 0.03900974375 0.472625 0.024443632812499998 0.4706823640625 0.0229435 0.5096940937500001 0.027818921875000003 0.56671125
3 0.5152067828125 0.2733019375 0.51220651875 0.23879156875000002 0.5110814140625 0.20928268437500003 0.5043308343749999 0.179273659375 0.5032057859375 0.1637690125 0.502455678125 0.2032808765625 0.5032057859375 0.21678494218750002 0.5013306281250001 0.2352905109375 0.5047058890625 0.266799984375 0.5035807828125 0.290307059375 0.5043308343749999 0.3318195796875 0.5069561015625 0.36833051875 0.5092835625000001 0.387625 0.5125815734375 0.3793338703125 0.510706415625 0.3573272046875 0.5125815734375 0.3248174265625 0.5152067828125 0.2733019375
3 0.6583271484375001 0.45945626562499997 0.655326896875 0.46385755156249997 0.6544268343749999 0.4694592734375 0.65622698125 0.474260690625 0.660240053125 0.47859999999999997 0.663127546875 0.46985935625 0.6619274640625 0.46305732343750006 0.6598272749999999 0.45745566249999997 0.6583271484375001 0.45945626562499997
3 0.6646276734375001 0.332136734375 0.6601272953125 0.310930359375 0.6583271484375001 0.3009273515625 0.6565270015625 0.3241343296875 0.6622274859374999 0.3485416796875 0.66882803125 0.3641463625 0.6754285984374999 0.38215177968749997 0.6799289765625 0.3949556625 0.6831207734375 0.41459999999999997 0.6835292703125 0.393755275 0.6793289125 0.374949615625 0.6721283031249999 0.3505422796875 0.6646276734375001 0.332136734375
3 0.6565270015625 0.3172510625 0.663127546875 0.2736379390625 0.6721283031249999 0.24723000156250002 0.6736284296874999 0.23562650624999998 0.6604273390625 0.270036865625 0.6559269609375 0.2904429953125 0.6529267078125 0.31485033125 0.6520266234375 0.34485935625 0.6526266640625 0.373668025 0.656864209375 0.4006 0.655326896875 0.363665015625 0.6547268546875 0.34085815468749997 0.6565270015625 0.3172510625
3 0.642725846875 0.21161928593749998 0.6385254890625001 0.2032167640625 0.6451260343749999 0.2292245796875 0.6475262453124999 0.2572330109375 0.6493263921875 0.282440590625 0.653863459375 0.3036 0.6571270421875 0.2860416796875 0.6535267499999999 0.2664357765625 0.6496264125 0.24042795312499998 0.642725846875 0.21161928593749998
3 0.5248159328125 0.6022239765624999 0.5248159328125 0.5882197734375 0.5212156390625 0.5778166437500001 0.516415240625 0.57021435 0.51431505 0.57541591875 0.513715009375 0.58101761875 0.5131149453125 0.5890200234375 0.5131149453125 0.5938214562499999 0.511327825 0.6006 0.513715009375 0.606625303125 0.520615575 0.606625303125 0.5248159328125 0.6022239765624999
3 0.395161465625 0.2615362625 0.396061528125 0.32555551875 0.40067516249999996 0.3791 0.41256291406249995 0.370369 0.40026188593749995 0.246331678125 0.39426138125 0.22072397656249998 0.395161465625 0.2615362625
3 0.38316045781249997 0.1517408328125 0.3867966921875 0.1636 0.39126112968750004 0.15334130625 0.3873608140625 0.12973421406250002 0.3837604984375 0.1365362625 0.38316045781249997 0.1517408328125
3 0.313854640625 0.261136134375 0.30275369375 0.157342509375 0.30035350625 0.1397372234375 0.294653021875 0.1321349296875 0.291952790625 0.1321349296875 0.2952530640625 0.1397372234375 0.29645316875 0.18295021718749999 0.29885337968750003 0.24576911406250002 0.30335375781249996 0.316834084375 0.3075540921875 0.3540452890625 0.31055434375 0.41486356874999997 0.3069540515625 0.4456728390625 0.3087771875 0.46609999999999996 0.3132545765625 0.460158396875 0.3165548484375 0.4045416796875 0.316254828125 0.36092855468749996 0.313854640625 0.261136134375
3 0.3345563609375 0 0.327955815625 0.02313974375 0.3234554375 0.0439460046875 0.318955059375 0.06795325625000001 0.31685489218749996 0.08835935624999999 0.3132545765625 0.12036899999999999 0.3108543875 0.14077513125000002 0.3078541359375 0.1719845296875 0.3057764375 0.18109999999999998 0.313554596875 0.24736960156249999 0.31685489218749996 0.204556721875 0.3165548484375 0.15494179375 0.3156547875 0.1329351734375 0.31685489218749996 0.10612710781250001 0.3192550796875 0.0825200234375 0.3267557109375 0.04490869375 0.3363565296875 0.0151373375 0.342957075 0 0.3345563609375 0
3 0.272451153125 0.251133125 0.2547496609375 0.2279261484375 0.236448128125 0.21272157812499998 0.225047171875 0.2059195296875 0.2187466375 0.20351882031250002 0.211846059375 0.2059195296875 0.2100459125 0.208720375 0.2211468359375 0.21512229375 0.240048421875 0.22192434374999997 0.258349978125 0.234328075 0.2733512375 0.2599357765625 0.28235199375 0.284743240625 0.2952530640625 0.32235454375 0.30275369375 0.3527636984375 0.30690171875 0.3651 0.304853884375 0.3339580703125 0.295853128125 0.30154829843750003 0.28325205625 0.27033889843750003 0.272451153125 0.251133125