1 0.5100488875 0.46622074375 0.5100488875 0.448984771875 0.5067673687500001 0.439135665625 0.5018451234375 0.42990211875 0.495282084375 0.42005301250000004 0.492000628125 0.4163595796875 0.48707831874999996 0.4175907234375 0.48379686250000004 0.424977565625 0.48707831874999996 0.4342111125 0.49035983749999995 0.44098237031250004 0.49035983749999995 0.44713806875 0.49035983749999995 0.45760275781250004 0.482156071875 0.44960035625000005 0.47969497812500006 0.4483692125 0.4829764359375 0.45883390312500005 0.4878987453125 0.46437401562499997 0.4911802015625 0.47052971406250005 0.49364135625000005 0.47853214062499994 0.49364135625000005 0.4859189578125 0.49364135625000005 0.4902279515625 0.492000628125 0.5123884765625 0.49364135625000005 0.52285314375 0.50348585 0.5308555687500001 0.5150769046875 0.5370769234375 0.5215341734375001 0.5093106281249999 0.5166119265625 0.4914590953125 0.5166119265625 0.47606985156250003 0.5100488875 0.46622074375
1 0.555169603125 0.468683009375 0.5518880828125 0.46252731249999995 0.5453251078125 0.45329376562499996 0.5436843171875 0.444675803125 0.5395824328125001 0.45083149999999994 0.533019459375 0.45821831875 0.5313786687500001 0.467451865625 0.53876206875 0.4766854125 0.5489230593750001 0.48784615468750003 0.56009185 0.47914770000000007 0.56009185 0.4729920015625 0.555169603125 0.468683009375
1 0.5682956140625001 0.47976325937500003 0.56747525 0.4816099875 0.5650140953125 0.48653454218750003 0.5625530046875 0.49638364843750005 0.569435878125 0.5124615390625 0.5756790171875 0.49946149687499997 0.5732178625000001 0.48715010156250005 0.5682956140625001 0.47976325937500003
1 0.5609122140625 0.524699871875 0.555169603125 0.5160819328125 0.5543492375 0.505001634375 0.5486065640625 0.498230353125 0.5469658359375 0.5210064390625 0.546145471875 0.5419358203125 0.5420435890624999 0.5573250640625 0.560205109375 0.5670769234375 0.5740382890625 0.557940625 0.5740382890625 0.538857971875 0.5666548859375 0.524699871875 0.5609122140625 0.524699871875
1 0.5371213406249999 0.644120390625 0.5420435890624999 0.6484294078125 0.542863953125 0.6508916484375 0.546145471875 0.6601251953125 0.5543492375 0.657047346875 0.5592714859375 0.6471982406250001 0.5625530046875 0.6391958609375 0.56993640625 0.6330401640625001 0.5756790171875 0.6256532984375001 0.5732178625000001 0.61211078125 0.5666548859375 0.60964849375 0.552708446875 0.596105978125 0.53876206875 0.5831789984375 0.5314871609375 0.6047692312499999 0.52809715 0.6231910093749999 0.53219903125 0.6336557234375 0.5371213406249999 0.644120390625
1 0.5641937312499999 0.6757643843750001 0.5592714859375 0.673302096875 0.555169603125 0.6696086875 0.5502473546875 0.6665308390625 0.5395824328125001 0.6702242484375 0.53219903125 0.6763799453125 0.5338398234375 0.68807578125 0.5427692125 0.6978461546875 0.5535288734375 0.695462621875 0.56009185 0.693000334375 0.5641937312499999 0.687460196875 0.5641937312499999 0.6757643843750001
1 0.5395824328125001 0.74717046875 0.53219903125 0.75394175 0.5294358781249999 0.7670769234375 0.5371213406249999 0.7693309937499999 0.5477862 0.75825071875 0.5395824328125001 0.74717046875
1 0.5510677187499999 0.8130364609375 0.5576307578125 0.7847202375 0.5535288734375 0.792722640625 0.5417435703125 0.799384615625 0.529737940625 0.8130364609375 0.5445046812500001 0.8161143093750001 0.5510677187499999 0.8130364609375
1 0.9317224765625 0.4342111125 0.9218779843749999 0.43236440781249996 0.916135371875 0.43236440781249996 0.9130256234375 0.4440000015625 0.9497707390624999 0.4477536515625 0.9563337765625001 0.444675803125 0.947309584375 0.4360578171875 0.9317224765625 0.4342111125
1 0.42472970937500004 0.5610184734375 0.4132444234375 0.5548627765624999 0.41734630624999997 0.574561059375 0.42801122812500003 0.6410425421875 0.450981796875 0.711833065625 0.4419576046875 0.7290690375 0.45508368125 0.7204510515625 0.45672440937500003 0.6447359515625 0.46164665625 0.559171815625 0.469030059375 0.5025393453125 0.44359839531249995 0.5123884765625 0.43815382812500003 0.5455384624999999 0.437855721875 0.5610184734375 0.432933475 0.5684053625 0.42472970937500004 0.5610184734375
1 0.396016528125 0.4342111125 0.3878127609375 0.4360578171875 0.38289051406249996 0.439135665625 0.3845312421875 0.44406021874999996 0.3878127609375 0.4526782046875 0.4001184109375 0.46375845625 0.4033999296875 0.4551404703125 0.39683689218749996 0.443444659375 0.396016528125 0.4342111125
1 0.18682049218750002 0.34987805 0.1868717765625 0.3516923078125 0.189281646875 0.33079540937499996 0.179437090625 0.3301798125 0.179437090625 0.3406445046875 0.18682049218750002 0.34987805
1 0.001415390625 0.4071260328125 0 0.4163595796875 0.007384595312500001 0.4155384625 0.0227451703125 0.4126661703125 0.017002528125 0.408357178125 0.0071580328124999995 0.4071260328125 0.001415390625 0.4071260328125