3 0.523359396875 0.66046781875 0.511786978125 0.861331665625 0.510501175 0.888768484375 0.5130728125 0.863957596875 0.5229307640624999 0.8233739484375 0.534503184375 0.735919078125 0.5499330453125 0.6473210015624999 0.5683631453125 0.5824980796875 0.5786497640625 0.5390564296875 0.5760780921875 0.4361683515625 0.5402421937499999 0.42585714374999994 0.5306457109375 0.5040727609375 0.5272168390624999 0.5700389218749999 0.523359396875 0.66046781875
3 0.430780165625 0.8575539546875 0.459496884375 0.8712723734375001 0.48392749375 0.8621267749999999 0.5079295046875 0.8432639406250001 0.5113583765625 0.83354675 0.4976429515625 0.8449787593750001 0.4680690328125 0.85298113125 0.44535282499999995 0.85298113125 0.417064740625 0.83354675 0.36091717343749996 0.788390303125 0.290196946875 0.7049366625 0.267495434375 0.739428571875 0.301769334375 0.7638114640625 0.3544880625 0.8021087234375001 0.430780165625 0.8575539546875
3 0.2837678359375 0.48337910624999997 0.3120559203125 0.45651390156250005 0.337772365625 0.41364386406250003 0.34763035000000003 0.36677261875 0.3416298390625 0.350767809375 0.299197696875 0.407927859375 0.258386015625 0.47157142968750004 0.25633695312500004 0.5062431484375 0.2580513734375 0.510244334375 0.2837678359375 0.48337910624999997
3 0.25719417187500004 0.47994955624999996 0.23319214531250002 0.4730903015625 0.18450103281250002 0.4633730890625 0.172071428125 0.467374296875 0.1514982734375 0.4582286984375 0.1037250640625 0.44222388749999997 0.0621501390625 0.43022026562500004 0.0115582453125 0.4205030515625 0.0128440484375 0.42621905625 0.0171301234375 0.434221515625 0.0518473515625 0.4708039125 0.0779923984375 0.4742335515625 0.1559989390625 0.4810927171875 0.18175971562499998 0.48585714375 0.211333171875 0.490238315625 0.2443359484375 0.485093925 0.2554797359375 0.481664309375 0.25719417187500004 0.47994955624999996
3 0.03813189375 0.37877622031249997 0.059562265625 0.336477796875 0.095993896875 0.2747449375 0.0801354359375 0.2981805484375 0.03298861875 0.355340609375 0 0.38585714375 0.00298608125 0.41021424843750004 0.011986846875 0.419931459375 0.03813189375 0.37877622031249997
3 0.11442402968750001 0.40621304062499997 0.174857671875 0.360485 0.1667141234375 0.360485 0.051549556249999996 0.4265714296875 0.070706053125 0.43022026562500004 0.07842099999999999 0.42964867343749996 0.11442402968750001 0.40621304062499997
3 0.1495698265625 0.27645975625 0.14442655 0.2615981203125 0.12771085468750001 0.293036146875 0.10245513906249999 0.3380000015625 0.104994646875 0.3461949875 0.122567578125 0.3181865765625 0.1495698265625 0.27645975625
3 0.0954891125 0.3015714296875 0.10328024375 0.30446815625 0.12513921562500002 0.264456121875 0.1255678171875 0.2484513125 0.0954891125 0.3015714296875
3 0.0462754421875 0.1476175421875 0.0008430437500000001 0.13332754062500002 0.0011798203125 0.16871428593749999 0.08099263749999999 0.19506040156249999 0.11956730625 0.20077640625 0.10370884531249999 0.16876676562499998 0.0462754421875 0.1476175421875
3 0.083564275 0.128183128125 0.0715632859375 0.1087487125 0.029559745312500003 0.1104635203125 0.000108125 0.1165714296875 0 0.13104112968749998 0.045418240625 0.1476175421875 0.083564275 0.128183128125
3 0.1525700984375 0.1161795265625 0.1465695875 0.1030327078125 0.12342477968750001 0.11332152343749999 0.08959478125 0.1101428578125 0.099851371875 0.1304695390625 0.1289966890625 0.12132392968750001 0.1525700984375 0.1161795265625
3 0.2352913140625 0.08474149843749999 0.227147765625 0.083598315625 0.1935493421875 0.094428571875 0.1980024796875 0.106462334375 0.21643257968750002 0.1036043328125 0.2352913140625 0.08474149843749999
3 0.011986846875 0.738893115625 0.03341721875 0.78119155 0.041132165625 0.8034839781249999 0.083564275 0.8297775921874999 0.0788778171875 0.8201428578125001 0.052704553125 0.7171723234375 0.0372746921875 0.69716630625 0.0021288796875000003 0.708598315625 0.011986846875 0.738893115625
3 0.09085062187500001 0.8560712265625 0.054228796875 0.8330000015625 0.0608481015625 0.86121561875 0.09727973281249999 0.877792084375 0.09085062187500001 0.8560712265625
3 0.3030113015625 0.6552073703125 0.2965821890625 0.61919654375 0.2914389140625 0.55917849375 0.26443663281249996 0.5054480484375 0.26229359531249996 0.5117356562500001 0.272151546875 0.5786129296875 0.27986649375 0.6432037687500001 0.2889303296875 0.6987142859375 0.3030113015625 0.7175118328125001 0.3025826671875 0.7032218203125 0.3030113015625 0.6552073703125
3 0.369445453125 0.712823009375 0.3861611171875 0.6739541578125 0.40673428749999996 0.64137296875 0.423878584375 0.6162224953125001 0.4071629203125 0.565350065625 0.400305175 0.589357290625 0.3698740875 0.66652335625 0.3488722828125 0.7499770406249999 0.348945334375 0.7715714296875 0.356158596875 0.78141506875 0.3574444328125 0.7551214109375 0.369445453125 0.712823009375
3 0.46545349218750004 0.5333404234375 0.48688386406250006 0.4876123953125 0.48045475312499997 0.4264511609375 0.464167721875 0.44074117343749997 0.44573758906250005 0.47960997968749997 0.413782971875 0.5465714296875 0.42859329218750003 0.6082201015625001 0.4388798453125 0.58992888125 0.46545349218750004 0.5333404234375
3 0.33001358281250004 0.6781874375 0.3595874703125 0.6999082515625 0.3647307453125 0.679902234375 0.3023265359375 0.6515714296875 0.303868503125 0.664469015625 0.31844119531250004 0.6701850203124999 0.33001358281250004 0.6781874375
3 0.1932878046875 0.60044976875 0.161142246875 0.586731346875 0.1422835125 0.57644254375 0.16757135781250002 0.5970201625 0.1945736078125 0.6107385937500001 0.2254333625 0.627886609375 0.251578409375 0.63931861875 0.27129434375 0.64846420625 0.2803567578125 0.6522857156249999 0.27772345625 0.64103339375 0.24643510000000002 0.6256001875 0.2117179046875 0.609023775 0.1932878046875 0.60044976875
3 0.1534273 0.186370390625 0.11799473906249999 0.1737142859375 0.13242552968750002 0.205233159375 0.1414262796875 0.20923440937499999 0.1534273 0.186370390625
3 0.1495698265625 0.9743925125 0.1379974390625 0.9732493281249999 0.1351418828125 0.999428571875 0.156856171875 1 0.1572847734375 0.9909689343749999 0.1495698265625 0.9743925125
3 0.3595874703125 1 0.35912645 0.9944285718750001 0.3553013953125 0.9411236625000001 0.34801508124999997 0.9096856359375 0.33944293281250004 0.879962428125 0.33429965781250004 0.8651007796875 0.330870784375 0.8679587828124999 0.328727746875 0.8776760171875001 0.328727746875 0.89482403125 0.3334424546875 0.9182596437500001 0.3355854921875 0.9502692625 0.33858573125 0.9845652921875001 0.3360140609375 1 0.3595874703125 1
3 0.4658821265625 0.9217837937500001 0.47745451406250006 0.9229269984374999 0.48559809375 0.9177825859375 0.47402564218750004 0.9137813781249999 0.465024925 0.9120665812500001 0.459453015625 0.9120665812500001 0.45173806718750004 0.9160677890625 0.4401656796875 0.91721099375 0.42945049375 0.9206405875 0.4208783453125 0.9286430046874999 0.41359203281249995 0.9383601953125 0.4088773234375 0.9446478125000001 0.3943046984375 0.9526502062500001 0.3788748046875 0.96465383125 0.3711598578125 0.9795154343749999 0.3595874703125 0.9869462375 0.36044467187499996 0.9995214515624999 0.383160878125 0.9995214515624999 0.3848471671875 0.9937142859374999 0.40802012187500003 0.962939034375 0.423878584375 0.9395034000000001 0.4478806265625 0.9177825859375 0.4658821265625 0.9217837937500001
3 0.37758896875 0.9612242156249999 0.3861611171875 0.9583662125 0.40459125 0.947505815625 0.4191639421875 0.93092939375 0.42473578593749994 0.9189257906250001 0.43373656875 0.8892025609375 0.44573758906250005 0.8651953359375 0.42987912812499995 0.8697681359375 0.4140206 0.8857729671874999 0.399019340625 0.9086369875000001 0.3900186234375 0.928071390625 0.3835895109375 0.9463626546875 0.3771604 0.9549366625 0.372017125 0.9583662125 0.36173050625 0.96008103125 0.35805475468750003 0.9665714296875001 0.36044467187499996 0.9829450515625 0.367302415625 0.9766574312499999 0.37758896875 0.9612242156249999
3 0.362159140625 0.78779724375 0.38431131875 0.8008571437500001 0.40501988437499997 0.76264676875 0.42259275 0.7409259546875 0.3784462359375 0.7620751765625 0.362159140625 0.78779724375
3 0.356158596875 0.8529596421875001 0.3647307453125 0.8278092765625 0.3553013953125 0.8066600109375001 0.3510153203125 0.8106612625 0.33769252031249997 0.8451428578125 0.33858573125 0.8541028687500001 0.3488722828125 0.8615336499999999 0.356158596875 0.8529596421875001
3 0.44488038750000003 0.7122299046875 0.4251644203125 0.70022628125 0.4088773234375 0.6956535265625 0.3878755859375 0.688794271875 0.3835895109375 0.68707951875 0.37466605 0.709428571875 0.390875825 0.7208039125 0.4208783453125 0.7328075578125001 0.45173806718750004 0.736808721875 0.44488038750000003 0.7122299046875
3 0.501885125 0.6520958515624999 0.482597790625 0.640663840625 0.46116741875 0.6286601953125001 0.43373656875 0.614370184375 0.43630823906250005 0.6389490015625 0.44057538437500005 0.6451428578125 0.46288188750000003 0.6612414296875 0.4967418484375 0.6732450296875 0.501885125 0.6703870281250001 0.501885125 0.6520958515624999
3 0.3771604 0.6023665593749999 0.391304459375 0.6097973624999999 0.3861611171875 0.5966505546875001 0.37073128906249997 0.5886481625 0.356447209375 0.5751428578125 0.3608733046875 0.5909345515625 0.3647307453125 0.5943641671875 0.3771604 0.6023665593749999
3 0.23320211249999998 0.914428571875 0.232291075 0.87822611875 0.20314575625 0.899375340625 0.208717665625 0.9062345296875 0.23320211249999998 0.914428571875
3 0.222433090625 0.8410720875000001 0.2125751390625 0.8547904859375001 0.205338003125 0.8808571437499999 0.231433840625 0.865650946875 0.23400551093750002 0.8519324828125001 0.222433090625 0.8410720875000001
3 0.7972669531250001 0.7866797812499999 0.8054104687500001 0.7198025203125 0.8058391015625 0.653496871875 0.8049818999999999 0.5934788203125 0.7938380796875 0.5551815828125 0.78740896875 0.565586428125 0.7805512234374999 0.59931088125 0.7745507453125 0.6410376921875 0.7749793796875 0.678191734375 0.77626515 0.7244913656249999 0.7711218734374999 0.790225421875 0.7454054265625001 0.8565310703125 0.7186796609375 0.8965714296874999 0.7509773375 0.8649186468750001 0.7844087296875 0.8232622218750001 0.7972669531250001 0.7866797812499999
3 0.738976315625 0.8432415921875 0.7419765546875 0.8123751562500001 0.738976315625 0.77064836875 0.73554744375 0.7035390140625 0.7338330390625 0.65152335625 0.7192604125 0.5800732953125001 0.7051163218750001 0.5560660703125 0.6871148234375 0.5579691734375001 0.6914008968750001 0.58083319375 0.6978300078124999 0.6271328296875 0.7111168328125 0.67343249375 0.71283126875 0.743167725 0.71497430625 0.7946117687500001 0.7162601093750001 0.8271930015625 0.7240381421875 0.8599650015625 0.7256895250000001 0.8769660296874999 0.7329758375 0.8609611984375001 0.738976315625 0.8432415921875
3 0.6511117921875 0.5445180140625 0.686686221875 0.5513772671875 0.70340191875 0.55023401875 0.700401646875 0.5170812375 0.663970015625 0.5096503921875 0.6275854578125 0.5087142859375 0.621537871875 0.523368790625 0.636967765625 0.54051680625 0.6511117921875 0.5445180140625
3 0.763835559375 0.56852528125 0.7848372984374999 0.5702400359375 0.7886948046875 0.5559500234375 0.76426419375 0.5382304171875 0.7176079625 0.5280000015625 0.71754594375 0.558236434375 0.7248322578125 0.5610944375 0.763835559375 0.56852528125
3 0.5863251421875 0 0.6271097812499999 0.045046646875 0.6558264671875 0.067339053125 0.6819715468750001 0.0667674609375 0.6982586093750001 0.0822006796875 0.7325472046875 0.1130670921875 0.762549725 0.147363121875 0.8028388625 0.1976639609375 0.8216975640624999 0.2245291875 0.819983159375 0.2079527875 0.7942667140624999 0.16565438593749998 0.7655499625 0.123355896875 0.7372619125 0.0873450703125 0.7141171046875 0.06619584843750001 0.6708277265625 0.025040640625 0.643825478125 0 0.5863251421875 0
3 0.7256895250000001 0.2765448234375 0.7424051890625 0.25882521875000003 0.7492629328125 0.25482403124999997 0.76212115625 0.2513944375 0.7904092078125 0.23253160468749998 0.81441125 0.2153835890625 0.7942667140624999 0.1925195703125 0.77797961875 0.209667584375 0.744976859375 0.2411056109375 0.71968898125 0.2765448234375 0.7031400609375 0.3187142859375 0.700401646875 0.32284449843749996 0.7141171046875 0.30283848125 0.7256895250000001 0.2765448234375
3 0.909268471875 0.165198775 0.96755904375 0.1354755453125 1 0.11203993281249999 0.9979901968749999 0.052593484375 0.92499198125 0.09203391562499999 0.89413219375 0.1160411296875 0.855557525 0.14747916875 0.807094621875 0.184428571875 0.823546984375 0.21435642968750002 0.84926343125 0.20063800937499998 0.909268471875 0.165198775
3 0.9058395984375001 0.9485321375 0.9246983 0.9222385015624999 0.9345562828125 0.9222385015624999 0.9512719468749999 0.9216668875 0.9439856343749999 0.9113781265625001 0.9204122265624999 0.910234878125 0.8839805937499999 0.9096632859374999 0.871979571875 0.918808884375 0.8497586437500001 0.9601428578125001 0.8616930203125 0.9748257515625 0.89555298125 0.96282215 0.9058395984375001 0.9485321375
3 0.8466917593750001 0.1353595203125 0.880123153125 0.0982054875 0.9049823968749999 0.05705024843749999 0.912697278125 0.026183823437499996 0.89555298125 0.045046646875 0.8462631265624999 0.06905385 0.778490828125 0.137285715625 0.7939730328125 0.1673691390625 0.8081170906249999 0.1605099296875 0.8466917593750001 0.1353595203125
3 0.9345562828125 0.0764846734375 0.9598440953124999 0.059336659375 0.9684162453124999 0.04161703125 0.9714165484375 0.026183823437499996 0.9894180484374999 0 0.978274228125 0.0067493984375 0.9628444 0.0170382140625 0.9508433796875 0.023325821875 0.9371279546875 0.0387590296875 0.9152689484375 0.0747698546875 0.9542722515625 0.0410454390625 0.921269428125 0.0764846734375 0.8829812359375 0.11800000156249998 0.883552025 0.12049789531249999 0.89726745 0.1119238875 0.9345562828125 0.0764846734375
3 0.8141176015625 0.2756337125 0.8569783125000001 0.2470536875 0.891695540625 0.22190325624999999 0.898981853125 0.20589844687499997 0.8415484843750001 0.2401944765625 0.819689478125 0.2561992859375 0.792258596875 0.27963491875 0.764827746875 0.29678293437500003 0.7468757796875 0.307285715625 0.7472548156250001 0.3236481625 0.7601130375 0.306500146875 0.8141176015625 0.2756337125
3 0.9641301703125 0.8765104625 0.9041251296875 0.8416428187499999 0.869836534375 0.8216368015625 0.8582641484375 0.82278000625 0.8792659515624999 0.84621561875 0.900696321875 0.868508090625 0.922983896875 0.9010892796875 0.95898689375 0.9239532984375 0.9944376703125 0.9415714296875001 1 0.9433877234375 0.9975615640625 0.9033756687500001 0.9641301703125 0.8765104625
3 0.986846378125 0.8279244203125 0.97484535625 0.8244948046875 0.9688448781250001 0.8244948046875 0.9542722515625 0.8193504125000001 0.938413725 0.807918403125 0.92855580625 0.7999159875 0.9225552625000001 0.7999159875 0.9131259125 0.7959147796875 0.8891238687499999 0.7764803765625 0.8899811359375001 0.78219638125 0.9058395984375001 0.8056319921874999 0.9328418796875001 0.8147775921875 0.9392709921875 0.82278000625 0.9598440953124999 0.838213225 0.9960452156249999 0.8587142859375 1 0.8307824234375 0.9954185265625 0.8307824234375 0.986846378125 0.8279244203125
3 0.7535340625 0.8953595203125 0.736818334375 0.8804978953125 0.7316750578125 0.894216315625 0.7672494890625 0.9359431468749999 0.7736786 0.9588071656249999 0.7668208546875 0.912507534375 0.7535340625 0.8953595203125
3 0.64209613125 0.6844389296875 0.639524459375 0.7090177578125 0.64723940625 0.7764666328125001 0.6858140749999999 0.8416290656250001 0.718816834375 0.879926303125 0.7224305984375 0.882285715625 0.7226742749999999 0.856490690625 0.6991008671875 0.809619446875 0.6682411453125 0.7501729874999999 0.64209613125 0.6844389296875
3 0.7063872453125 0.7070708796875 0.6943862249999999 0.697353665625 0.6858140749999999 0.6910660703125 0.6789563296875001 0.6944956640625 0.6592005046875 0.7115714296875 0.6639550703125 0.7390804984375 0.711530521875 0.708214084375 0.7063872453125 0.7070708796875
3 0.5718044718749999 0.764230971875 0.58852016875 0.7585149671875 0.6026642265625 0.754513715625 0.603521428125 0.74308170625 0.5992353546875 0.7425101140625 0.5688042328125 0.7425101140625 0.5396589140625 0.7505125078125 0.531086765625 0.7745197328125 0.54137335 0.7710901390625 0.5718044718749999 0.764230971875